###############
#    Sets     #
###############
#
set DAILYTIMEBRACKET :=  ;
set DAYTYPE :=  ;
set SEASON :=  ;
set STORAGE :=  ;
set YEAR := 2018 2019 2020 2021 2022 2023 2024 2025 2026 2027 2028 2029 2030 2031 2032 2033 2034 2035 2036 2037 2038 2039 2040 2041 2042 2043 2044 2045 2046 2047 2048 2049 2050 ;
set TECHNOLOGY := RAW_MAT_CLK RAW_MAT_CEM IMP_STOR LIME_PROD GLASS_PROD CARBONATE NITRIC_ACID CARBIDE_PROD LUBRI_OILS LUBRI_GREASE PARAFFIN REFR_AC_HFC32 REFR_AC_HFC125 REFR_AC_HFC134a REFR_AC_HFC143a REFR_AC_HFC152a REFR_AC_HFC23 FIRE_PROT_HFC125 AEROSOLS_HFC152a FLUOR_GLASS_HFC152a SF6_USE PROD_CLK_TRAD PROD_CEM T5CEM_PRODIND T5LIME_PRODIPPU T5GLASS_PRODIPPU T5CARBONATEIPPU T5NITRIC_ACIDIPPU T5CARBIDE_PRODIPPU T5LUBRI_OILSIPPU T5LUBRI_GREASEIPPU T5PARAFFINIPPU T5REFR_AC_HFC32IPPU T5REFR_AC_HFC125IPPU T5REFR_AC_HFC134aIPPU T5REFR_AC_HFC143aIPPU T5REFR_AC_HFC152aIPPU T5REFR_AC_HFC23IPPU T5FIRE_PROT_HFC125IPPU T5AEROSOLS_HFC152aIPPU T5FLUOR_GLASS_HFC152aIPPU T5SF6_USEIPPU ;
set TIMESLICE := All ;
set FUEL := RAW_MAT_CLK RAW_MAT_CEM CLK_PROD LIME_PROD GLASS_PROD CARBONATE NITRIC_ACID CARBIDE_PROD LUBRI_OILS LUBRI_GREASE PARAFFIN REFR_AC_HFC32 REFR_AC_HFC125 REFR_AC_HFC134a REFR_AC_HFC143a REFR_AC_HFC152a REFR_AC_HFC23 FIRE_PROT_HFC125 AEROSOLS_HFC152a FLUOR_GLASS_HFC152a SF6_USE CEM_PROD E5INDCEM_PROD E5IPPULIME_PROD E5IPPUGLASS_PROD E5IPPUCARBONATE E5IPPUNITRIC_ACID E5IPPUCARBIDE_PROD E5IPPULUBRI_OILS E5IPPULUBRI_GREASE E5IPPUPARAFFIN E5IPPUREFR_AC_HFC32 E5IPPUREFR_AC_HFC125 E5IPPUREFR_AC_HFC134a E5IPPUREFR_AC_HFC143a E5IPPUREFR_AC_HFC152a E5IPPUREFR_AC_HFC23 E5IPPUFIRE_PROT_HFC125 E5IPPUAEROSOLS_HFC152a E5IPPUFLUOR_GLASS_HFC152a E5IPPUSF6_USE ;
set EMISSION := HFC152a_IPPU HFC32_IPPU CO2e_IPPU HFC23_IPPU HFC143a_IPPU CO2_IPPU HFC125_IPPU HFC134a_IPPU SF6_IPPU ;
set MODE_OF_OPERATION := 1 ;
set REGION := CR ;

###############
#    Parameters     #
###############
#
param CapacityToActivityUnit default 1 :
RAW_MAT_CLK RAW_MAT_CEM IMP_STOR LIME_PROD GLASS_PROD CARBONATE NITRIC_ACID CARBIDE_PROD LUBRI_OILS LUBRI_GREASE PARAFFIN REFR_AC_HFC32 REFR_AC_HFC125 REFR_AC_HFC134a REFR_AC_HFC143a REFR_AC_HFC152a REFR_AC_HFC23 FIRE_PROT_HFC125 AEROSOLS_HFC152a FLUOR_GLASS_HFC152a SF6_USE PROD_CLK_TRAD PROD_CEM T5CEM_PRODIND T5LIME_PRODIPPU T5GLASS_PRODIPPU T5CARBONATEIPPU T5NITRIC_ACIDIPPU T5CARBIDE_PRODIPPU T5LUBRI_OILSIPPU T5LUBRI_GREASEIPPU T5PARAFFINIPPU T5REFR_AC_HFC32IPPU T5REFR_AC_HFC125IPPU T5REFR_AC_HFC134aIPPU T5REFR_AC_HFC143aIPPU T5REFR_AC_HFC152aIPPU T5REFR_AC_HFC23IPPU T5FIRE_PROT_HFC125IPPU T5AEROSOLS_HFC152aIPPU T5FLUOR_GLASS_HFC152aIPPU T5SF6_USEIPPU :=
CR 1 1 1 1 1 1 1 1 1 1 1 1 1 1 1 1 1 1 1 1 1 1 1 1 1 1 1 1 1 1 1 1 1 1 1 1 1 1 1 1 1 1 
;

param CapitalCost default 0 :=
[CR,*,*]:
2018 2019 2020 2021 2022 2023 2024 2025 2026 2027 2028 2029 2030 2031 2032 2033 2034 2035 2036 2037 2038 2039 2040 2041 2042 2043 2044 2045 2046 2047 2048 2049 2050 :=
REFR_AC_HFC32 0.0 0.0 0.0 0.0 0.0 0.0 0.0 0.0 0.0 0.0 0.0 0.0 0.0 0.0 0.0 0.0 0.0 0.0 0.0 0.0 0.0 0.0 0.0 0.0 0.0 0.0 0.0 0.0 0.0 0.0 0.0 0.0 0.0 
REFR_AC_HFC125 0.0 0.0 0.0 0.0 0.0 0.0 0.0 0.0 0.0 0.0 0.0 0.0 0.0 0.0 0.0 0.0 0.0 0.0 0.0 0.0 0.0 0.0 0.0 0.0 0.0 0.0 0.0 0.0 0.0 0.0 0.0 0.0 0.0 
REFR_AC_HFC134a 0.0 0.0 0.0 0.0 0.0 0.0 0.0 0.0 0.0 0.0 0.0 0.0 0.0 0.0 0.0 0.0 0.0 0.0 0.0 0.0 0.0 0.0 0.0 0.0 0.0 0.0 0.0 0.0 0.0 0.0 0.0 0.0 0.0 
REFR_AC_HFC143a 0.0 0.0 0.0 0.0 0.0 0.0 0.0 0.0 0.0 0.0 0.0 0.0 0.0 0.0 0.0 0.0 0.0 0.0 0.0 0.0 0.0 0.0 0.0 0.0 0.0 0.0 0.0 0.0 0.0 0.0 0.0 0.0 0.0 
REFR_AC_HFC152a 0.0 0.0 0.0 0.0 0.0 0.0 0.0 0.0 0.0 0.0 0.0 0.0 0.0 0.0 0.0 0.0 0.0 0.0 0.0 0.0 0.0 0.0 0.0 0.0 0.0 0.0 0.0 0.0 0.0 0.0 0.0 0.0 0.0 
REFR_AC_HFC23 0.0 0.0 0.0 0.0 0.0 0.0 0.0 0.0 0.0 0.0 0.0 0.0 0.0 0.0 0.0 0.0 0.0 0.0 0.0 0.0 0.0 0.0 0.0 0.0 0.0 0.0 0.0 0.0 0.0 0.0 0.0 0.0 0.0 
FIRE_PROT_HFC125 0.0 0.0 0.0 0.0 0.0 0.0 0.0 0.0 0.0 0.0 0.0 0.0 0.0 0.0 0.0 0.0 0.0 0.0 0.0 0.0 0.0 0.0 0.0 0.0 0.0 0.0 0.0 0.0 0.0 0.0 0.0 0.0 0.0 
AEROSOLS_HFC152a 0.0 0.0 0.0 0.0 0.0 0.0 0.0 0.0 0.0 0.0 0.0 0.0 0.0 0.0 0.0 0.0 0.0 0.0 0.0 0.0 0.0 0.0 0.0 0.0 0.0 0.0 0.0 0.0 0.0 0.0 0.0 0.0 0.0 
FLUOR_GLASS_HFC152a 0.0 0.0 0.0 0.0 0.0 0.0 0.0 0.0 0.0 0.0 0.0 0.0 0.0 0.0 0.0 0.0 0.0 0.0 0.0 0.0 0.0 0.0 0.0 0.0 0.0 0.0 0.0 0.0 0.0 0.0 0.0 0.0 0.0 
;

param EmissionActivityRatio default 0 :=
[CR,GLASS_PROD,CO2_IPPU,*,*]:
2018 2019 2020 2021 2022 2023 2024 2025 2026 2027 2028 2029 2030 2031 2032 2033 2034 2035 2036 2037 2038 2039 2040 2041 2042 2043 2044 2045 2046 2047 2048 2049 2050 :=
1 210.0 210.0 210.0 210.0 210.0 210.0 210.0 210.0 210.0 210.0 210.0 210.0 210.0 210.0 210.0 210.0 210.0 210.0 210.0 210.0 210.0 210.0 210.0 210.0 210.0 210.0 210.0 210.0 210.0 210.0 210.0 210.0 210.0 
[CR,LUBRI_GREASE,CO2_IPPU,*,*]:
2018 2019 2020 2021 2022 2023 2024 2025 2026 2027 2028 2029 2030 2031 2032 2033 2034 2035 2036 2037 2038 2039 2040 2041 2042 2043 2044 2045 2046 2047 2048 2049 2050 :=
1 0.1474 0.1474 0.1474 0.1474 0.1474 0.1474 0.1474 0.1474 0.1474 0.1474 0.1474 0.1474 0.1474 0.1474 0.1474 0.1474 0.1474 0.1474 0.1474 0.1474 0.1474 0.1474 0.1474 0.1474 0.1474 0.1474 0.1474 0.1474 0.1474 0.1474 0.1474 0.1474 0.1474 
[CR,REFR_AC_HFC143a,CO2e_IPPU,*,*]:
2018 2019 2020 2021 2022 2023 2024 2025 2026 2027 2028 2029 2030 2031 2032 2033 2034 2035 2036 2037 2038 2039 2040 2041 2042 2043 2044 2045 2046 2047 2048 2049 2050 :=
1 4.8 4.8 4.8 4.8 4.8 4.8 4.8 4.8 4.8 4.8 4.8 4.8 4.8 4.8 4.8 4.8 4.8 4.8 4.8 4.8 4.8 4.8 4.8 4.8 4.8 4.8 4.8 4.8 4.8 4.8 4.8 4.8 4.8 
[CR,REFR_AC_HFC23,HFC23_IPPU,*,*]:
2018 2019 2020 2021 2022 2023 2024 2025 2026 2027 2028 2029 2030 2031 2032 2033 2034 2035 2036 2037 2038 2039 2040 2041 2042 2043 2044 2045 2046 2047 2048 2049 2050 :=
1 0.001 0.001 0.001 0.001 0.001 0.001 0.001 0.001 0.001 0.001 0.001 0.001 0.001 0.001 0.001 0.001 0.001 0.001 0.001 0.001 0.001 0.001 0.001 0.001 0.001 0.001 0.001 0.001 0.001 0.001 0.001 0.001 0.001 
[CR,REFR_AC_HFC152a,CO2e_IPPU,*,*]:
2018 2019 2020 2021 2022 2023 2024 2025 2026 2027 2028 2029 2030 2031 2032 2033 2034 2035 2036 2037 2038 2039 2040 2041 2042 2043 2044 2045 2046 2047 2048 2049 2050 :=
1 0.138 0.138 0.138 0.138 0.138 0.138 0.138 0.138 0.138 0.138 0.138 0.138 0.138 0.138 0.138 0.138 0.138 0.138 0.138 0.138 0.138 0.138 0.138 0.138 0.138 0.138 0.138 0.138 0.138 0.138 0.138 0.138 0.138 
[CR,FIRE_PROT_HFC125,HFC125_IPPU,*,*]:
2018 2019 2020 2021 2022 2023 2024 2025 2026 2027 2028 2029 2030 2031 2032 2033 2034 2035 2036 2037 2038 2039 2040 2041 2042 2043 2044 2045 2046 2047 2048 2049 2050 :=
1 0.001 0.001 0.001 0.001 0.001 0.001 0.001 0.001 0.001 0.001 0.001 0.001 0.001 0.001 0.001 0.001 0.001 0.001 0.001 0.001 0.001 0.001 0.001 0.001 0.001 0.001 0.001 0.001 0.001 0.001 0.001 0.001 0.001 
[CR,AEROSOLS_HFC152a,CO2e_IPPU,*,*]:
2018 2019 2020 2021 2022 2023 2024 2025 2026 2027 2028 2029 2030 2031 2032 2033 2034 2035 2036 2037 2038 2039 2040 2041 2042 2043 2044 2045 2046 2047 2048 2049 2050 :=
1 0.138 0.138 0.138 0.138 0.138 0.138 0.138 0.138 0.138 0.138 0.138 0.138 0.138 0.138 0.138 0.138 0.138 0.138 0.138 0.138 0.138 0.138 0.138 0.138 0.138 0.138 0.138 0.138 0.138 0.138 0.138 0.138 0.138 
[CR,REFR_AC_HFC32,HFC32_IPPU,*,*]:
2018 2019 2020 2021 2022 2023 2024 2025 2026 2027 2028 2029 2030 2031 2032 2033 2034 2035 2036 2037 2038 2039 2040 2041 2042 2043 2044 2045 2046 2047 2048 2049 2050 :=
1 0.001 0.001 0.001 0.001 0.001 0.001 0.001 0.001 0.001 0.001 0.001 0.001 0.001 0.001 0.001 0.001 0.001 0.001 0.001 0.001 0.001 0.001 0.001 0.001 0.001 0.001 0.001 0.001 0.001 0.001 0.001 0.001 0.001 
[CR,SF6_USE,SF6_IPPU,*,*]:
2018 2019 2020 2021 2022 2023 2024 2025 2026 2027 2028 2029 2030 2031 2032 2033 2034 2035 2036 2037 2038 2039 2040 2041 2042 2043 2044 2045 2046 2047 2048 2049 2050 :=
1 0.001 0.001 0.001 0.001 0.001 0.001 0.001 0.001 0.001 0.001 0.001 0.001 0.001 0.001 0.001 0.001 0.001 0.001 0.001 0.001 0.001 0.001 0.001 0.001 0.001 0.001 0.001 0.001 0.001 0.001 0.001 0.001 0.001 
[CR,GLASS_PROD,CO2e_IPPU,*,*]:
2018 2019 2020 2021 2022 2023 2024 2025 2026 2027 2028 2029 2030 2031 2032 2033 2034 2035 2036 2037 2038 2039 2040 2041 2042 2043 2044 2045 2046 2047 2048 2049 2050 :=
1 210.0 210.0 210.0 210.0 210.0 210.0 210.0 210.0 210.0 210.0 210.0 210.0 210.0 210.0 210.0 210.0 210.0 210.0 210.0 210.0 210.0 210.0 210.0 210.0 210.0 210.0 210.0 210.0 210.0 210.0 210.0 210.0 210.0 
[CR,LIME_PROD,CO2_IPPU,*,*]:
2018 2019 2020 2021 2022 2023 2024 2025 2026 2027 2028 2029 2030 2031 2032 2033 2034 2035 2036 2037 2038 2039 2040 2041 2042 2043 2044 2045 2046 2047 2048 2049 2050 :=
1 750.0 750.0 750.0 750.0 750.0 750.0 750.0 750.0 750.0 750.0 750.0 750.0 750.0 750.0 750.0 750.0 750.0 750.0 750.0 750.0 750.0 750.0 750.0 750.0 750.0 750.0 750.0 750.0 750.0 750.0 750.0 750.0 750.0 
[CR,SF6_USE,CO2e_IPPU,*,*]:
2018 2019 2020 2021 2022 2023 2024 2025 2026 2027 2028 2029 2030 2031 2032 2033 2034 2035 2036 2037 2038 2039 2040 2041 2042 2043 2044 2045 2046 2047 2048 2049 2050 :=
1 23.900000000000002 23.900000000000002 23.900000000000002 23.900000000000002 23.900000000000002 23.900000000000002 23.900000000000002 23.900000000000002 23.900000000000002 23.900000000000002 23.900000000000002 23.900000000000002 23.900000000000002 23.900000000000002 23.900000000000002 23.900000000000002 23.900000000000002 23.900000000000002 23.900000000000002 23.900000000000002 23.900000000000002 23.900000000000002 23.900000000000002 23.900000000000002 23.900000000000002 23.900000000000002 23.900000000000002 23.900000000000002 23.900000000000002 23.900000000000002 23.900000000000002 23.900000000000002 23.900000000000002 
[CR,REFR_AC_HFC134a,HFC134a_IPPU,*,*]:
2018 2019 2020 2021 2022 2023 2024 2025 2026 2027 2028 2029 2030 2031 2032 2033 2034 2035 2036 2037 2038 2039 2040 2041 2042 2043 2044 2045 2046 2047 2048 2049 2050 :=
1 0.001 0.001 0.001 0.001 0.001 0.001 0.001 0.001 0.001 0.001 0.001 0.001 0.001 0.001 0.001 0.001 0.001 0.001 0.001 0.001 0.001 0.001 0.001 0.001 0.001 0.001 0.001 0.001 0.001 0.001 0.001 0.001 0.001 
[CR,FLUOR_GLASS_HFC152a,HFC152a_IPPU,*,*]:
2018 2019 2020 2021 2022 2023 2024 2025 2026 2027 2028 2029 2030 2031 2032 2033 2034 2035 2036 2037 2038 2039 2040 2041 2042 2043 2044 2045 2046 2047 2048 2049 2050 :=
1 0.001 0.001 0.001 0.001 0.001 0.001 0.001 0.001 0.001 0.001 0.001 0.001 0.001 0.001 0.001 0.001 0.001 0.001 0.001 0.001 0.001 0.001 0.001 0.001 0.001 0.001 0.001 0.001 0.001 0.001 0.001 0.001 0.001 
[CR,REFR_AC_HFC125,CO2e_IPPU,*,*]:
2018 2019 2020 2021 2022 2023 2024 2025 2026 2027 2028 2029 2030 2031 2032 2033 2034 2035 2036 2037 2038 2039 2040 2041 2042 2043 2044 2045 2046 2047 2048 2049 2050 :=
1 3.17 3.17 3.17 3.17 3.17 3.17 3.17 3.17 3.17 3.17 3.17 3.17 3.17 3.17 3.17 3.17 3.17 3.17 3.17 3.17 3.17 3.17 3.17 3.17 3.17 3.17 3.17 3.17 3.17 3.17 3.17 3.17 3.17 
[CR,NITRIC_ACID,CO2e_IPPU,*,*]:
2018 2019 2020 2021 2022 2023 2024 2025 2026 2027 2028 2029 2030 2031 2032 2033 2034 2035 2036 2037 2038 2039 2040 2041 2042 2043 2044 2045 2046 2047 2048 2049 2050 :=
1 1.0 1.0 1.0 1.0 1.0 1.0 1.0 1.0 1.0 1.0 1.0 1.0 1.0 1.0 1.0 1.0 1.0 1.0 1.0 1.0 1.0 1.0 1.0 1.0 1.0 1.0 1.0 1.0 1.0 1.0 1.0 1.0 1.0 
[CR,CARBONATE,CO2e_IPPU,*,*]:
2018 2019 2020 2021 2022 2023 2024 2025 2026 2027 2028 2029 2030 2031 2032 2033 2034 2035 2036 2037 2038 2039 2040 2041 2042 2043 2044 2045 2046 2047 2048 2049 2050 :=
1 414.92 414.92 414.92 414.92 414.92 414.92 414.92 414.92 414.92 414.92 414.92 414.92 414.92 414.92 414.92 414.92 414.92 414.92 414.92 414.92 414.92 414.92 414.92 414.92 414.92 414.92 414.92 414.92 414.92 414.92 414.92 414.92 414.92 
[CR,LUBRI_GREASE,CO2e_IPPU,*,*]:
2018 2019 2020 2021 2022 2023 2024 2025 2026 2027 2028 2029 2030 2031 2032 2033 2034 2035 2036 2037 2038 2039 2040 2041 2042 2043 2044 2045 2046 2047 2048 2049 2050 :=
1 0.1474 0.1474 0.1474 0.1474 0.1474 0.1474 0.1474 0.1474 0.1474 0.1474 0.1474 0.1474 0.1474 0.1474 0.1474 0.1474 0.1474 0.1474 0.1474 0.1474 0.1474 0.1474 0.1474 0.1474 0.1474 0.1474 0.1474 0.1474 0.1474 0.1474 0.1474 0.1474 0.1474 
[CR,PARAFFIN,CO2_IPPU,*,*]:
2018 2019 2020 2021 2022 2023 2024 2025 2026 2027 2028 2029 2030 2031 2032 2033 2034 2035 2036 2037 2038 2039 2040 2041 2042 2043 2044 2045 2046 2047 2048 2049 2050 :=
1 0.5896 0.5896 0.5896 0.5896 0.5896 0.5896 0.5896 0.5896 0.5896 0.5896 0.5896 0.5896 0.5896 0.5896 0.5896 0.5896 0.5896 0.5896 0.5896 0.5896 0.5896 0.5896 0.5896 0.5896 0.5896 0.5896 0.5896 0.5896 0.5896 0.5896 0.5896 0.5896 0.5896 
[CR,FLUOR_GLASS_HFC152a,CO2e_IPPU,*,*]:
2018 2019 2020 2021 2022 2023 2024 2025 2026 2027 2028 2029 2030 2031 2032 2033 2034 2035 2036 2037 2038 2039 2040 2041 2042 2043 2044 2045 2046 2047 2048 2049 2050 :=
1 0.138 0.138 0.138 0.138 0.138 0.138 0.138 0.138 0.138 0.138 0.138 0.138 0.138 0.138 0.138 0.138 0.138 0.138 0.138 0.138 0.138 0.138 0.138 0.138 0.138 0.138 0.138 0.138 0.138 0.138 0.138 0.138 0.138 
[CR,PARAFFIN,CO2e_IPPU,*,*]:
2018 2019 2020 2021 2022 2023 2024 2025 2026 2027 2028 2029 2030 2031 2032 2033 2034 2035 2036 2037 2038 2039 2040 2041 2042 2043 2044 2045 2046 2047 2048 2049 2050 :=
1 0.5896 0.5896 0.5896 0.5896 0.5896 0.5896 0.5896 0.5896 0.5896 0.5896 0.5896 0.5896 0.5896 0.5896 0.5896 0.5896 0.5896 0.5896 0.5896 0.5896 0.5896 0.5896 0.5896 0.5896 0.5896 0.5896 0.5896 0.5896 0.5896 0.5896 0.5896 0.5896 0.5896 
[CR,REFR_AC_HFC125,HFC125_IPPU,*,*]:
2018 2019 2020 2021 2022 2023 2024 2025 2026 2027 2028 2029 2030 2031 2032 2033 2034 2035 2036 2037 2038 2039 2040 2041 2042 2043 2044 2045 2046 2047 2048 2049 2050 :=
1 0.001 0.001 0.001 0.001 0.001 0.001 0.001 0.001 0.001 0.001 0.001 0.001 0.001 0.001 0.001 0.001 0.001 0.001 0.001 0.001 0.001 0.001 0.001 0.001 0.001 0.001 0.001 0.001 0.001 0.001 0.001 0.001 0.001 
[CR,PROD_CLK_TRAD,CO2_IPPU,*,*]:
2018 2019 2020 2021 2022 2023 2024 2025 2026 2027 2028 2029 2030 2031 2032 2033 2034 2035 2036 2037 2038 2039 2040 2041 2042 2043 2044 2045 2046 2047 2048 2049 2050 :=
1 520.3 520.3 520.3 520.3 520.3 520.3 520.3 520.3 520.3 520.3 520.3 520.3 520.3 520.3 520.3 520.3 520.3 520.3 520.3 520.3 520.3 520.3 520.3 520.3 520.3 520.3 520.3 520.3 520.3 520.3 520.3 520.3 520.3 
[CR,REFR_AC_HFC134a,CO2e_IPPU,*,*]:
2018 2019 2020 2021 2022 2023 2024 2025 2026 2027 2028 2029 2030 2031 2032 2033 2034 2035 2036 2037 2038 2039 2040 2041 2042 2043 2044 2045 2046 2047 2048 2049 2050 :=
1 1.3 1.3 1.3 1.3 1.3 1.3 1.3 1.3 1.3 1.3 1.3 1.3 1.3 1.3 1.3 1.3 1.3 1.3 1.3 1.3 1.3 1.3 1.3 1.3 1.3 1.3 1.3 1.3 1.3 1.3 1.3 1.3 1.3 
[CR,AEROSOLS_HFC152a,HFC152a_IPPU,*,*]:
2018 2019 2020 2021 2022 2023 2024 2025 2026 2027 2028 2029 2030 2031 2032 2033 2034 2035 2036 2037 2038 2039 2040 2041 2042 2043 2044 2045 2046 2047 2048 2049 2050 :=
1 0.001 0.001 0.001 0.001 0.001 0.001 0.001 0.001 0.001 0.001 0.001 0.001 0.001 0.001 0.001 0.001 0.001 0.001 0.001 0.001 0.001 0.001 0.001 0.001 0.001 0.001 0.001 0.001 0.001 0.001 0.001 0.001 0.001 
[CR,PROD_CLK_TRAD,CO2e_IPPU,*,*]:
2018 2019 2020 2021 2022 2023 2024 2025 2026 2027 2028 2029 2030 2031 2032 2033 2034 2035 2036 2037 2038 2039 2040 2041 2042 2043 2044 2045 2046 2047 2048 2049 2050 :=
1 520.3 520.3 520.3 520.3 520.3 520.3 520.3 520.3 520.3 520.3 520.3 520.3 520.3 520.3 520.3 520.3 520.3 520.3 520.3 520.3 520.3 520.3 520.3 520.3 520.3 520.3 520.3 520.3 520.3 520.3 520.3 520.3 520.3 
[CR,REFR_AC_HFC23,CO2e_IPPU,*,*]:
2018 2019 2020 2021 2022 2023 2024 2025 2026 2027 2028 2029 2030 2031 2032 2033 2034 2035 2036 2037 2038 2039 2040 2041 2042 2043 2044 2045 2046 2047 2048 2049 2050 :=
1 12.4 12.4 12.4 12.4 12.4 12.4 12.4 12.4 12.4 12.4 12.4 12.4 12.4 12.4 12.4 12.4 12.4 12.4 12.4 12.4 12.4 12.4 12.4 12.4 12.4 12.4 12.4 12.4 12.4 12.4 12.4 12.4 12.4 
[CR,NITRIC_ACID,CO2_IPPU,*,*]:
2018 2019 2020 2021 2022 2023 2024 2025 2026 2027 2028 2029 2030 2031 2032 2033 2034 2035 2036 2037 2038 2039 2040 2041 2042 2043 2044 2045 2046 2047 2048 2049 2050 :=
1 1.0 1.0 1.0 1.0 1.0 1.0 1.0 1.0 1.0 1.0 1.0 1.0 1.0 1.0 1.0 1.0 1.0 1.0 1.0 1.0 1.0 1.0 1.0 1.0 1.0 1.0 1.0 1.0 1.0 1.0 1.0 1.0 1.0 
[CR,CARBONATE,CO2_IPPU,*,*]:
2018 2019 2020 2021 2022 2023 2024 2025 2026 2027 2028 2029 2030 2031 2032 2033 2034 2035 2036 2037 2038 2039 2040 2041 2042 2043 2044 2045 2046 2047 2048 2049 2050 :=
1 414.92 414.92 414.92 414.92 414.92 414.92 414.92 414.92 414.92 414.92 414.92 414.92 414.92 414.92 414.92 414.92 414.92 414.92 414.92 414.92 414.92 414.92 414.92 414.92 414.92 414.92 414.92 414.92 414.92 414.92 414.92 414.92 414.92 
[CR,REFR_AC_HFC32,CO2e_IPPU,*,*]:
2018 2019 2020 2021 2022 2023 2024 2025 2026 2027 2028 2029 2030 2031 2032 2033 2034 2035 2036 2037 2038 2039 2040 2041 2042 2043 2044 2045 2046 2047 2048 2049 2050 :=
1 0.677 0.677 0.677 0.677 0.677 0.677 0.677 0.677 0.677 0.677 0.677 0.677 0.677 0.677 0.677 0.677 0.677 0.677 0.677 0.677 0.677 0.677 0.677 0.677 0.677 0.677 0.677 0.677 0.677 0.677 0.677 0.677 0.677 
[CR,REFR_AC_HFC143a,HFC143a_IPPU,*,*]:
2018 2019 2020 2021 2022 2023 2024 2025 2026 2027 2028 2029 2030 2031 2032 2033 2034 2035 2036 2037 2038 2039 2040 2041 2042 2043 2044 2045 2046 2047 2048 2049 2050 :=
1 0.001 0.001 0.001 0.001 0.001 0.001 0.001 0.001 0.001 0.001 0.001 0.001 0.001 0.001 0.001 0.001 0.001 0.001 0.001 0.001 0.001 0.001 0.001 0.001 0.001 0.001 0.001 0.001 0.001 0.001 0.001 0.001 0.001 
[CR,FIRE_PROT_HFC125,CO2e_IPPU,*,*]:
2018 2019 2020 2021 2022 2023 2024 2025 2026 2027 2028 2029 2030 2031 2032 2033 2034 2035 2036 2037 2038 2039 2040 2041 2042 2043 2044 2045 2046 2047 2048 2049 2050 :=
1 3.17 3.17 3.17 3.17 3.17 3.17 3.17 3.17 3.17 3.17 3.17 3.17 3.17 3.17 3.17 3.17 3.17 3.17 3.17 3.17 3.17 3.17 3.17 3.17 3.17 3.17 3.17 3.17 3.17 3.17 3.17 3.17 3.17 
[CR,REFR_AC_HFC152a,HFC152a_IPPU,*,*]:
2018 2019 2020 2021 2022 2023 2024 2025 2026 2027 2028 2029 2030 2031 2032 2033 2034 2035 2036 2037 2038 2039 2040 2041 2042 2043 2044 2045 2046 2047 2048 2049 2050 :=
1 0.001 0.001 0.001 0.001 0.001 0.001 0.001 0.001 0.001 0.001 0.001 0.001 0.001 0.001 0.001 0.001 0.001 0.001 0.001 0.001 0.001 0.001 0.001 0.001 0.001 0.001 0.001 0.001 0.001 0.001 0.001 0.001 0.001 
[CR,CARBIDE_PROD,CO2e_IPPU,*,*]:
2018 2019 2020 2021 2022 2023 2024 2025 2026 2027 2028 2029 2030 2031 2032 2033 2034 2035 2036 2037 2038 2039 2040 2041 2042 2043 2044 2045 2046 2047 2048 2049 2050 :=
1 1.1 1.1 1.1 1.1 1.1 1.1 1.1 1.1 1.1 1.1 1.1 1.1 1.1 1.1 1.1 1.1 1.1 1.1 1.1 1.1 1.1 1.1 1.1 1.1 1.1 1.1 1.1 1.1 1.1 1.1 1.1 1.1 1.1 
[CR,CARBIDE_PROD,CO2_IPPU,*,*]:
2018 2019 2020 2021 2022 2023 2024 2025 2026 2027 2028 2029 2030 2031 2032 2033 2034 2035 2036 2037 2038 2039 2040 2041 2042 2043 2044 2045 2046 2047 2048 2049 2050 :=
1 1.1 1.1 1.1 1.1 1.1 1.1 1.1 1.1 1.1 1.1 1.1 1.1 1.1 1.1 1.1 1.1 1.1 1.1 1.1 1.1 1.1 1.1 1.1 1.1 1.1 1.1 1.1 1.1 1.1 1.1 1.1 1.1 1.1 
[CR,LIME_PROD,CO2e_IPPU,*,*]:
2018 2019 2020 2021 2022 2023 2024 2025 2026 2027 2028 2029 2030 2031 2032 2033 2034 2035 2036 2037 2038 2039 2040 2041 2042 2043 2044 2045 2046 2047 2048 2049 2050 :=
1 750.0 750.0 750.0 750.0 750.0 750.0 750.0 750.0 750.0 750.0 750.0 750.0 750.0 750.0 750.0 750.0 750.0 750.0 750.0 750.0 750.0 750.0 750.0 750.0 750.0 750.0 750.0 750.0 750.0 750.0 750.0 750.0 750.0 
[CR,LUBRI_OILS,CO2e_IPPU,*,*]:
2018 2019 2020 2021 2022 2023 2024 2025 2026 2027 2028 2029 2030 2031 2032 2033 2034 2035 2036 2037 2038 2039 2040 2041 2042 2043 2044 2045 2046 2047 2048 2049 2050 :=
1 0.5896 0.5896 0.5896 0.5896 0.5896 0.5896 0.5896 0.5896 0.5896 0.5896 0.5896 0.5896 0.5896 0.5896 0.5896 0.5896 0.5896 0.5896 0.5896 0.5896 0.5896 0.5896 0.5896 0.5896 0.5896 0.5896 0.5896 0.5896 0.5896 0.5896 0.5896 0.5896 0.5896 
[CR,LUBRI_OILS,CO2_IPPU,*,*]:
2018 2019 2020 2021 2022 2023 2024 2025 2026 2027 2028 2029 2030 2031 2032 2033 2034 2035 2036 2037 2038 2039 2040 2041 2042 2043 2044 2045 2046 2047 2048 2049 2050 :=
1 0.5896 0.5896 0.5896 0.5896 0.5896 0.5896 0.5896 0.5896 0.5896 0.5896 0.5896 0.5896 0.5896 0.5896 0.5896 0.5896 0.5896 0.5896 0.5896 0.5896 0.5896 0.5896 0.5896 0.5896 0.5896 0.5896 0.5896 0.5896 0.5896 0.5896 0.5896 0.5896 0.5896 
;

param InputActivityRatio default 0 :=
[CR,T5REFR_AC_HFC23IPPU,REFR_AC_HFC23,*,*]:
2018 2019 2020 2021 2022 2023 2024 2025 2026 2027 2028 2029 2030 2031 2032 2033 2034 2035 2036 2037 2038 2039 2040 2041 2042 2043 2044 2045 2046 2047 2048 2049 2050 :=
1 1.0 1.0 1.0 1.0 1.0 1.0 1.0 1.0 1.0 1.0 1.0 1.0 1.0 1.0 1.0 1.0 1.0 1.0 1.0 1.0 1.0 1.0 1.0 1.0 1.0 1.0 1.0 1.0 1.0 1.0 1.0 1.0 1.0 
[CR,T5REFR_AC_HFC125IPPU,REFR_AC_HFC125,*,*]:
2018 2019 2020 2021 2022 2023 2024 2025 2026 2027 2028 2029 2030 2031 2032 2033 2034 2035 2036 2037 2038 2039 2040 2041 2042 2043 2044 2045 2046 2047 2048 2049 2050 :=
1 1.0 1.0 1.0 1.0 1.0 1.0 1.0 1.0 1.0 1.0 1.0 1.0 1.0 1.0 1.0 1.0 1.0 1.0 1.0 1.0 1.0 1.0 1.0 1.0 1.0 1.0 1.0 1.0 1.0 1.0 1.0 1.0 1.0 
[CR,T5FIRE_PROT_HFC125IPPU,FIRE_PROT_HFC125,*,*]:
2018 2019 2020 2021 2022 2023 2024 2025 2026 2027 2028 2029 2030 2031 2032 2033 2034 2035 2036 2037 2038 2039 2040 2041 2042 2043 2044 2045 2046 2047 2048 2049 2050 :=
1 1.0 1.0 1.0 1.0 1.0 1.0 1.0 1.0 1.0 1.0 1.0 1.0 1.0 1.0 1.0 1.0 1.0 1.0 1.0 1.0 1.0 1.0 1.0 1.0 1.0 1.0 1.0 1.0 1.0 1.0 1.0 1.0 1.0 
[CR,T5PARAFFINIPPU,PARAFFIN,*,*]:
2018 2019 2020 2021 2022 2023 2024 2025 2026 2027 2028 2029 2030 2031 2032 2033 2034 2035 2036 2037 2038 2039 2040 2041 2042 2043 2044 2045 2046 2047 2048 2049 2050 :=
1 1.0 1.0 1.0 1.0 1.0 1.0 1.0 1.0 1.0 1.0 1.0 1.0 1.0 1.0 1.0 1.0 1.0 1.0 1.0 1.0 1.0 1.0 1.0 1.0 1.0 1.0 1.0 1.0 1.0 1.0 1.0 1.0 1.0 
[CR,T5SF6_USEIPPU,SF6_USE,*,*]:
2018 2019 2020 2021 2022 2023 2024 2025 2026 2027 2028 2029 2030 2031 2032 2033 2034 2035 2036 2037 2038 2039 2040 2041 2042 2043 2044 2045 2046 2047 2048 2049 2050 :=
1 1.0 1.0 1.0 1.0 1.0 1.0 1.0 1.0 1.0 1.0 1.0 1.0 1.0 1.0 1.0 1.0 1.0 1.0 1.0 1.0 1.0 1.0 1.0 1.0 1.0 1.0 1.0 1.0 1.0 1.0 1.0 1.0 1.0 
[CR,T5CARBIDE_PRODIPPU,CARBIDE_PROD,*,*]:
2018 2019 2020 2021 2022 2023 2024 2025 2026 2027 2028 2029 2030 2031 2032 2033 2034 2035 2036 2037 2038 2039 2040 2041 2042 2043 2044 2045 2046 2047 2048 2049 2050 :=
1 1.0 1.0 1.0 1.0 1.0 1.0 1.0 1.0 1.0 1.0 1.0 1.0 1.0 1.0 1.0 1.0 1.0 1.0 1.0 1.0 1.0 1.0 1.0 1.0 1.0 1.0 1.0 1.0 1.0 1.0 1.0 1.0 1.0 
[CR,T5LUBRI_OILSIPPU,LUBRI_OILS,*,*]:
2018 2019 2020 2021 2022 2023 2024 2025 2026 2027 2028 2029 2030 2031 2032 2033 2034 2035 2036 2037 2038 2039 2040 2041 2042 2043 2044 2045 2046 2047 2048 2049 2050 :=
1 1.0 1.0 1.0 1.0 1.0 1.0 1.0 1.0 1.0 1.0 1.0 1.0 1.0 1.0 1.0 1.0 1.0 1.0 1.0 1.0 1.0 1.0 1.0 1.0 1.0 1.0 1.0 1.0 1.0 1.0 1.0 1.0 1.0 
[CR,T5LIME_PRODIPPU,LIME_PROD,*,*]:
2018 2019 2020 2021 2022 2023 2024 2025 2026 2027 2028 2029 2030 2031 2032 2033 2034 2035 2036 2037 2038 2039 2040 2041 2042 2043 2044 2045 2046 2047 2048 2049 2050 :=
1 1.0 1.0 1.0 1.0 1.0 1.0 1.0 1.0 1.0 1.0 1.0 1.0 1.0 1.0 1.0 1.0 1.0 1.0 1.0 1.0 1.0 1.0 1.0 1.0 1.0 1.0 1.0 1.0 1.0 1.0 1.0 1.0 1.0 
[CR,PROD_CLK_TRAD,RAW_MAT_CLK,*,*]:
2018 2019 2020 2021 2022 2023 2024 2025 2026 2027 2028 2029 2030 2031 2032 2033 2034 2035 2036 2037 2038 2039 2040 2041 2042 2043 2044 2045 2046 2047 2048 2049 2050 :=
1 1.0 1.0 1.0 1.0 1.0 1.0 1.0 1.0 1.0 1.0 1.0 1.0 1.0 1.0 1.0 1.0 1.0 1.0 1.0 1.0 1.0 1.0 1.0 1.0 1.0 1.0 1.0 1.0 1.0 1.0 1.0 1.0 1.0 
[CR,T5LUBRI_GREASEIPPU,LUBRI_GREASE,*,*]:
2018 2019 2020 2021 2022 2023 2024 2025 2026 2027 2028 2029 2030 2031 2032 2033 2034 2035 2036 2037 2038 2039 2040 2041 2042 2043 2044 2045 2046 2047 2048 2049 2050 :=
1 1.0 1.0 1.0 1.0 1.0 1.0 1.0 1.0 1.0 1.0 1.0 1.0 1.0 1.0 1.0 1.0 1.0 1.0 1.0 1.0 1.0 1.0 1.0 1.0 1.0 1.0 1.0 1.0 1.0 1.0 1.0 1.0 1.0 
[CR,T5FLUOR_GLASS_HFC152aIPPU,FLUOR_GLASS_HFC152a,*,*]:
2018 2019 2020 2021 2022 2023 2024 2025 2026 2027 2028 2029 2030 2031 2032 2033 2034 2035 2036 2037 2038 2039 2040 2041 2042 2043 2044 2045 2046 2047 2048 2049 2050 :=
1 1.0 1.0 1.0 1.0 1.0 1.0 1.0 1.0 1.0 1.0 1.0 1.0 1.0 1.0 1.0 1.0 1.0 1.0 1.0 1.0 1.0 1.0 1.0 1.0 1.0 1.0 1.0 1.0 1.0 1.0 1.0 1.0 1.0 
[CR,PROD_CEM,CLK_PROD,*,*]:
2018 2019 2020 2021 2022 2023 2024 2025 2026 2027 2028 2029 2030 2031 2032 2033 2034 2035 2036 2037 2038 2039 2040 2041 2042 2043 2044 2045 2046 2047 2048 2049 2050 :=
1 0.7 0.7 0.7 0.7 0.7 0.7 0.7 0.7 0.7 0.7 0.7 0.7 0.7 0.7 0.7 0.7 0.7 0.7 0.7 0.7 0.7 0.7 0.7 0.7 0.7 0.7 0.7 0.7 0.7 0.7 0.7 0.7 0.7 
[CR,T5NITRIC_ACIDIPPU,NITRIC_ACID,*,*]:
2018 2019 2020 2021 2022 2023 2024 2025 2026 2027 2028 2029 2030 2031 2032 2033 2034 2035 2036 2037 2038 2039 2040 2041 2042 2043 2044 2045 2046 2047 2048 2049 2050 :=
1 1.0 1.0 1.0 1.0 1.0 1.0 1.0 1.0 1.0 1.0 1.0 1.0 1.0 1.0 1.0 1.0 1.0 1.0 1.0 1.0 1.0 1.0 1.0 1.0 1.0 1.0 1.0 1.0 1.0 1.0 1.0 1.0 1.0 
[CR,T5CARBONATEIPPU,CARBONATE,*,*]:
2018 2019 2020 2021 2022 2023 2024 2025 2026 2027 2028 2029 2030 2031 2032 2033 2034 2035 2036 2037 2038 2039 2040 2041 2042 2043 2044 2045 2046 2047 2048 2049 2050 :=
1 1.0 1.0 1.0 1.0 1.0 1.0 1.0 1.0 1.0 1.0 1.0 1.0 1.0 1.0 1.0 1.0 1.0 1.0 1.0 1.0 1.0 1.0 1.0 1.0 1.0 1.0 1.0 1.0 1.0 1.0 1.0 1.0 1.0 
[CR,T5GLASS_PRODIPPU,GLASS_PROD,*,*]:
2018 2019 2020 2021 2022 2023 2024 2025 2026 2027 2028 2029 2030 2031 2032 2033 2034 2035 2036 2037 2038 2039 2040 2041 2042 2043 2044 2045 2046 2047 2048 2049 2050 :=
1 1.0 1.0 1.0 1.0 1.0 1.0 1.0 1.0 1.0 1.0 1.0 1.0 1.0 1.0 1.0 1.0 1.0 1.0 1.0 1.0 1.0 1.0 1.0 1.0 1.0 1.0 1.0 1.0 1.0 1.0 1.0 1.0 1.0 
[CR,T5REFR_AC_HFC134aIPPU,REFR_AC_HFC134a,*,*]:
2018 2019 2020 2021 2022 2023 2024 2025 2026 2027 2028 2029 2030 2031 2032 2033 2034 2035 2036 2037 2038 2039 2040 2041 2042 2043 2044 2045 2046 2047 2048 2049 2050 :=
1 1.0 1.0 1.0 1.0 1.0 1.0 1.0 1.0 1.0 1.0 1.0 1.0 1.0 1.0 1.0 1.0 1.0 1.0 1.0 1.0 1.0 1.0 1.0 1.0 1.0 1.0 1.0 1.0 1.0 1.0 1.0 1.0 1.0 
[CR,T5AEROSOLS_HFC152aIPPU,AEROSOLS_HFC152a,*,*]:
2018 2019 2020 2021 2022 2023 2024 2025 2026 2027 2028 2029 2030 2031 2032 2033 2034 2035 2036 2037 2038 2039 2040 2041 2042 2043 2044 2045 2046 2047 2048 2049 2050 :=
1 1.0 1.0 1.0 1.0 1.0 1.0 1.0 1.0 1.0 1.0 1.0 1.0 1.0 1.0 1.0 1.0 1.0 1.0 1.0 1.0 1.0 1.0 1.0 1.0 1.0 1.0 1.0 1.0 1.0 1.0 1.0 1.0 1.0 
[CR,PROD_CEM,RAW_MAT_CEM,*,*]:
2018 2019 2020 2021 2022 2023 2024 2025 2026 2027 2028 2029 2030 2031 2032 2033 2034 2035 2036 2037 2038 2039 2040 2041 2042 2043 2044 2045 2046 2047 2048 2049 2050 :=
1 0.3 0.3 0.3 0.3 0.3 0.3 0.3 0.3 0.3 0.3 0.3 0.3 0.3 0.3 0.3 0.3 0.3 0.3 0.3 0.3 0.3 0.3 0.3 0.3 0.3 0.3 0.3 0.3 0.3 0.3 0.3 0.3 0.3 
[CR,T5REFR_AC_HFC32IPPU,REFR_AC_HFC32,*,*]:
2018 2019 2020 2021 2022 2023 2024 2025 2026 2027 2028 2029 2030 2031 2032 2033 2034 2035 2036 2037 2038 2039 2040 2041 2042 2043 2044 2045 2046 2047 2048 2049 2050 :=
1 1.0 1.0 1.0 1.0 1.0 1.0 1.0 1.0 1.0 1.0 1.0 1.0 1.0 1.0 1.0 1.0 1.0 1.0 1.0 1.0 1.0 1.0 1.0 1.0 1.0 1.0 1.0 1.0 1.0 1.0 1.0 1.0 1.0 
[CR,T5CEM_PRODIND,CEM_PROD,*,*]:
2018 2019 2020 2021 2022 2023 2024 2025 2026 2027 2028 2029 2030 2031 2032 2033 2034 2035 2036 2037 2038 2039 2040 2041 2042 2043 2044 2045 2046 2047 2048 2049 2050 :=
1 1.0 1.0 1.0 1.0 1.0 1.0 1.0 1.0 1.0 1.0 1.0 1.0 1.0 1.0 1.0 1.0 1.0 1.0 1.0 1.0 1.0 1.0 1.0 1.0 1.0 1.0 1.0 1.0 1.0 1.0 1.0 1.0 1.0 
[CR,T5REFR_AC_HFC152aIPPU,REFR_AC_HFC152a,*,*]:
2018 2019 2020 2021 2022 2023 2024 2025 2026 2027 2028 2029 2030 2031 2032 2033 2034 2035 2036 2037 2038 2039 2040 2041 2042 2043 2044 2045 2046 2047 2048 2049 2050 :=
1 1.0 1.0 1.0 1.0 1.0 1.0 1.0 1.0 1.0 1.0 1.0 1.0 1.0 1.0 1.0 1.0 1.0 1.0 1.0 1.0 1.0 1.0 1.0 1.0 1.0 1.0 1.0 1.0 1.0 1.0 1.0 1.0 1.0 
[CR,T5REFR_AC_HFC143aIPPU,REFR_AC_HFC143a,*,*]:
2018 2019 2020 2021 2022 2023 2024 2025 2026 2027 2028 2029 2030 2031 2032 2033 2034 2035 2036 2037 2038 2039 2040 2041 2042 2043 2044 2045 2046 2047 2048 2049 2050 :=
1 1.0 1.0 1.0 1.0 1.0 1.0 1.0 1.0 1.0 1.0 1.0 1.0 1.0 1.0 1.0 1.0 1.0 1.0 1.0 1.0 1.0 1.0 1.0 1.0 1.0 1.0 1.0 1.0 1.0 1.0 1.0 1.0 1.0 
;

param OperationalLife default 1 :
RAW_MAT_CLK RAW_MAT_CEM IMP_STOR LIME_PROD GLASS_PROD CARBONATE NITRIC_ACID CARBIDE_PROD LUBRI_OILS LUBRI_GREASE PARAFFIN REFR_AC_HFC32 REFR_AC_HFC125 REFR_AC_HFC134a REFR_AC_HFC143a REFR_AC_HFC152a REFR_AC_HFC23 FIRE_PROT_HFC125 AEROSOLS_HFC152a FLUOR_GLASS_HFC152a SF6_USE PROD_CLK_TRAD PROD_CEM T5CEM_PRODIND T5LIME_PRODIPPU T5GLASS_PRODIPPU T5CARBONATEIPPU T5NITRIC_ACIDIPPU T5CARBIDE_PRODIPPU T5LUBRI_OILSIPPU T5LUBRI_GREASEIPPU T5PARAFFINIPPU T5REFR_AC_HFC32IPPU T5REFR_AC_HFC125IPPU T5REFR_AC_HFC134aIPPU T5REFR_AC_HFC143aIPPU T5REFR_AC_HFC152aIPPU T5REFR_AC_HFC23IPPU T5FIRE_PROT_HFC125IPPU T5AEROSOLS_HFC152aIPPU T5FLUOR_GLASS_HFC152aIPPU T5SF6_USEIPPU :=
CR 1 1 1 1 1 1 1 1 1 1 1 1 1 1 1 1 1 1 1 1 1 1 1 1 1 1 1 1 1 1 1 1 1 1 1 1 1 1 1 1 1 1 
;

param OutputActivityRatio default 0 :=
[CR,T5LUBRI_GREASEIPPU,E5IPPULUBRI_GREASE,*,*]:
2018 2019 2020 2021 2022 2023 2024 2025 2026 2027 2028 2029 2030 2031 2032 2033 2034 2035 2036 2037 2038 2039 2040 2041 2042 2043 2044 2045 2046 2047 2048 2049 2050 :=
1 1.0 1.0 1.0 1.0 1.0 1.0 1.0 1.0 1.0 1.0 1.0 1.0 1.0 1.0 1.0 1.0 1.0 1.0 1.0 1.0 1.0 1.0 1.0 1.0 1.0 1.0 1.0 1.0 1.0 1.0 1.0 1.0 1.0 
[CR,T5CARBONATEIPPU,E5IPPUCARBONATE,*,*]:
2018 2019 2020 2021 2022 2023 2024 2025 2026 2027 2028 2029 2030 2031 2032 2033 2034 2035 2036 2037 2038 2039 2040 2041 2042 2043 2044 2045 2046 2047 2048 2049 2050 :=
1 1.0 1.0 1.0 1.0 1.0 1.0 1.0 1.0 1.0 1.0 1.0 1.0 1.0 1.0 1.0 1.0 1.0 1.0 1.0 1.0 1.0 1.0 1.0 1.0 1.0 1.0 1.0 1.0 1.0 1.0 1.0 1.0 1.0 
[CR,PROD_CEM,CEM_PROD,*,*]:
2018 2019 2020 2021 2022 2023 2024 2025 2026 2027 2028 2029 2030 2031 2032 2033 2034 2035 2036 2037 2038 2039 2040 2041 2042 2043 2044 2045 2046 2047 2048 2049 2050 :=
1 1.0 1.0 1.0 1.0 1.0 1.0 1.0 1.0 1.0 1.0 1.0 1.0 1.0 1.0 1.0 1.0 1.0 1.0 1.0 1.0 1.0 1.0 1.0 1.0 1.0 1.0 1.0 1.0 1.0 1.0 1.0 1.0 1.0 
[CR,REFR_AC_HFC143a,REFR_AC_HFC143a,*,*]:
2018 2019 2020 2021 2022 2023 2024 2025 2026 2027 2028 2029 2030 2031 2032 2033 2034 2035 2036 2037 2038 2039 2040 2041 2042 2043 2044 2045 2046 2047 2048 2049 2050 :=
1 1 1.0 1.0 1.0 1.0 1.0 1.0 1.0 1.0 1.0 1.0 1.0 1.0 1.0 1.0 1.0 1.0 1.0 1.0 1.0 1.0 1.0 1.0 1.0 1.0 1.0 1.0 1.0 1.0 1.0 1.0 1.0 1.0 
[CR,T5REFR_AC_HFC152aIPPU,E5IPPUREFR_AC_HFC152a,*,*]:
2018 2019 2020 2021 2022 2023 2024 2025 2026 2027 2028 2029 2030 2031 2032 2033 2034 2035 2036 2037 2038 2039 2040 2041 2042 2043 2044 2045 2046 2047 2048 2049 2050 :=
1 1.0 1.0 1.0 1.0 1.0 1.0 1.0 1.0 1.0 1.0 1.0 1.0 1.0 1.0 1.0 1.0 1.0 1.0 1.0 1.0 1.0 1.0 1.0 1.0 1.0 1.0 1.0 1.0 1.0 1.0 1.0 1.0 1.0 
[CR,RAW_MAT_CLK,RAW_MAT_CLK,*,*]:
2018 2019 2020 2021 2022 2023 2024 2025 2026 2027 2028 2029 2030 2031 2032 2033 2034 2035 2036 2037 2038 2039 2040 2041 2042 2043 2044 2045 2046 2047 2048 2049 2050 :=
1 1 1.0 1.0 1.0 1.0 1.0 1.0 1.0 1.0 1.0 1.0 1.0 1.0 1.0 1.0 1.0 1.0 1.0 1.0 1.0 1.0 1.0 1.0 1.0 1.0 1.0 1.0 1.0 1.0 1.0 1.0 1.0 1.0 
[CR,T5REFR_AC_HFC134aIPPU,E5IPPUREFR_AC_HFC134a,*,*]:
2018 2019 2020 2021 2022 2023 2024 2025 2026 2027 2028 2029 2030 2031 2032 2033 2034 2035 2036 2037 2038 2039 2040 2041 2042 2043 2044 2045 2046 2047 2048 2049 2050 :=
1 1.0 1.0 1.0 1.0 1.0 1.0 1.0 1.0 1.0 1.0 1.0 1.0 1.0 1.0 1.0 1.0 1.0 1.0 1.0 1.0 1.0 1.0 1.0 1.0 1.0 1.0 1.0 1.0 1.0 1.0 1.0 1.0 1.0 
[CR,T5REFR_AC_HFC23IPPU,E5IPPUREFR_AC_HFC23,*,*]:
2018 2019 2020 2021 2022 2023 2024 2025 2026 2027 2028 2029 2030 2031 2032 2033 2034 2035 2036 2037 2038 2039 2040 2041 2042 2043 2044 2045 2046 2047 2048 2049 2050 :=
1 1.0 1.0 1.0 1.0 1.0 1.0 1.0 1.0 1.0 1.0 1.0 1.0 1.0 1.0 1.0 1.0 1.0 1.0 1.0 1.0 1.0 1.0 1.0 1.0 1.0 1.0 1.0 1.0 1.0 1.0 1.0 1.0 1.0 
[CR,T5FIRE_PROT_HFC125IPPU,E5IPPUFIRE_PROT_HFC125,*,*]:
2018 2019 2020 2021 2022 2023 2024 2025 2026 2027 2028 2029 2030 2031 2032 2033 2034 2035 2036 2037 2038 2039 2040 2041 2042 2043 2044 2045 2046 2047 2048 2049 2050 :=
1 1.0 1.0 1.0 1.0 1.0 1.0 1.0 1.0 1.0 1.0 1.0 1.0 1.0 1.0 1.0 1.0 1.0 1.0 1.0 1.0 1.0 1.0 1.0 1.0 1.0 1.0 1.0 1.0 1.0 1.0 1.0 1.0 1.0 
[CR,RAW_MAT_CEM,RAW_MAT_CEM,*,*]:
2018 2019 2020 2021 2022 2023 2024 2025 2026 2027 2028 2029 2030 2031 2032 2033 2034 2035 2036 2037 2038 2039 2040 2041 2042 2043 2044 2045 2046 2047 2048 2049 2050 :=
1 1 1.0 1.0 1.0 1.0 1.0 1.0 1.0 1.0 1.0 1.0 1.0 1.0 1.0 1.0 1.0 1.0 1.0 1.0 1.0 1.0 1.0 1.0 1.0 1.0 1.0 1.0 1.0 1.0 1.0 1.0 1.0 1.0 
[CR,T5CARBIDE_PRODIPPU,E5IPPUCARBIDE_PROD,*,*]:
2018 2019 2020 2021 2022 2023 2024 2025 2026 2027 2028 2029 2030 2031 2032 2033 2034 2035 2036 2037 2038 2039 2040 2041 2042 2043 2044 2045 2046 2047 2048 2049 2050 :=
1 1.0 1.0 1.0 1.0 1.0 1.0 1.0 1.0 1.0 1.0 1.0 1.0 1.0 1.0 1.0 1.0 1.0 1.0 1.0 1.0 1.0 1.0 1.0 1.0 1.0 1.0 1.0 1.0 1.0 1.0 1.0 1.0 1.0 
[CR,SF6_USE,SF6_USE,*,*]:
2018 2019 2020 2021 2022 2023 2024 2025 2026 2027 2028 2029 2030 2031 2032 2033 2034 2035 2036 2037 2038 2039 2040 2041 2042 2043 2044 2045 2046 2047 2048 2049 2050 :=
1 1 1.0 1.0 1.0 1.0 1.0 1.0 1.0 1.0 1.0 1.0 1.0 1.0 1.0 1.0 1.0 1.0 1.0 1.0 1.0 1.0 1.0 1.0 1.0 1.0 1.0 1.0 1.0 1.0 1.0 1.0 1.0 1.0 
[CR,T5SF6_USEIPPU,E5IPPUSF6_USE,*,*]:
2018 2019 2020 2021 2022 2023 2024 2025 2026 2027 2028 2029 2030 2031 2032 2033 2034 2035 2036 2037 2038 2039 2040 2041 2042 2043 2044 2045 2046 2047 2048 2049 2050 :=
1 1.0 1.0 1.0 1.0 1.0 1.0 1.0 1.0 1.0 1.0 1.0 1.0 1.0 1.0 1.0 1.0 1.0 1.0 1.0 1.0 1.0 1.0 1.0 1.0 1.0 1.0 1.0 1.0 1.0 1.0 1.0 1.0 1.0 
[CR,T5LIME_PRODIPPU,E5IPPULIME_PROD,*,*]:
2018 2019 2020 2021 2022 2023 2024 2025 2026 2027 2028 2029 2030 2031 2032 2033 2034 2035 2036 2037 2038 2039 2040 2041 2042 2043 2044 2045 2046 2047 2048 2049 2050 :=
1 1.0 1.0 1.0 1.0 1.0 1.0 1.0 1.0 1.0 1.0 1.0 1.0 1.0 1.0 1.0 1.0 1.0 1.0 1.0 1.0 1.0 1.0 1.0 1.0 1.0 1.0 1.0 1.0 1.0 1.0 1.0 1.0 1.0 
[CR,T5PARAFFINIPPU,E5IPPUPARAFFIN,*,*]:
2018 2019 2020 2021 2022 2023 2024 2025 2026 2027 2028 2029 2030 2031 2032 2033 2034 2035 2036 2037 2038 2039 2040 2041 2042 2043 2044 2045 2046 2047 2048 2049 2050 :=
1 1.0 1.0 1.0 1.0 1.0 1.0 1.0 1.0 1.0 1.0 1.0 1.0 1.0 1.0 1.0 1.0 1.0 1.0 1.0 1.0 1.0 1.0 1.0 1.0 1.0 1.0 1.0 1.0 1.0 1.0 1.0 1.0 1.0 
[CR,T5AEROSOLS_HFC152aIPPU,E5IPPUAEROSOLS_HFC152a,*,*]:
2018 2019 2020 2021 2022 2023 2024 2025 2026 2027 2028 2029 2030 2031 2032 2033 2034 2035 2036 2037 2038 2039 2040 2041 2042 2043 2044 2045 2046 2047 2048 2049 2050 :=
1 1.0 1.0 1.0 1.0 1.0 1.0 1.0 1.0 1.0 1.0 1.0 1.0 1.0 1.0 1.0 1.0 1.0 1.0 1.0 1.0 1.0 1.0 1.0 1.0 1.0 1.0 1.0 1.0 1.0 1.0 1.0 1.0 1.0 
[CR,T5LUBRI_OILSIPPU,E5IPPULUBRI_OILS,*,*]:
2018 2019 2020 2021 2022 2023 2024 2025 2026 2027 2028 2029 2030 2031 2032 2033 2034 2035 2036 2037 2038 2039 2040 2041 2042 2043 2044 2045 2046 2047 2048 2049 2050 :=
1 1.0 1.0 1.0 1.0 1.0 1.0 1.0 1.0 1.0 1.0 1.0 1.0 1.0 1.0 1.0 1.0 1.0 1.0 1.0 1.0 1.0 1.0 1.0 1.0 1.0 1.0 1.0 1.0 1.0 1.0 1.0 1.0 1.0 
[CR,GLASS_PROD,GLASS_PROD,*,*]:
2018 2019 2020 2021 2022 2023 2024 2025 2026 2027 2028 2029 2030 2031 2032 2033 2034 2035 2036 2037 2038 2039 2040 2041 2042 2043 2044 2045 2046 2047 2048 2049 2050 :=
1 1 1.0 1.0 1.0 1.0 1.0 1.0 1.0 1.0 1.0 1.0 1.0 1.0 1.0 1.0 1.0 1.0 1.0 1.0 1.0 1.0 1.0 1.0 1.0 1.0 1.0 1.0 1.0 1.0 1.0 1.0 1.0 1.0 
[CR,T5REFR_AC_HFC143aIPPU,E5IPPUREFR_AC_HFC143a,*,*]:
2018 2019 2020 2021 2022 2023 2024 2025 2026 2027 2028 2029 2030 2031 2032 2033 2034 2035 2036 2037 2038 2039 2040 2041 2042 2043 2044 2045 2046 2047 2048 2049 2050 :=
1 1.0 1.0 1.0 1.0 1.0 1.0 1.0 1.0 1.0 1.0 1.0 1.0 1.0 1.0 1.0 1.0 1.0 1.0 1.0 1.0 1.0 1.0 1.0 1.0 1.0 1.0 1.0 1.0 1.0 1.0 1.0 1.0 1.0 
[CR,REFR_AC_HFC152a,REFR_AC_HFC152a,*,*]:
2018 2019 2020 2021 2022 2023 2024 2025 2026 2027 2028 2029 2030 2031 2032 2033 2034 2035 2036 2037 2038 2039 2040 2041 2042 2043 2044 2045 2046 2047 2048 2049 2050 :=
1 1 1.0 1.0 1.0 1.0 1.0 1.0 1.0 1.0 1.0 1.0 1.0 1.0 1.0 1.0 1.0 1.0 1.0 1.0 1.0 1.0 1.0 1.0 1.0 1.0 1.0 1.0 1.0 1.0 1.0 1.0 1.0 1.0 
[CR,CARBIDE_PROD,CARBIDE_PROD,*,*]:
2018 2019 2020 2021 2022 2023 2024 2025 2026 2027 2028 2029 2030 2031 2032 2033 2034 2035 2036 2037 2038 2039 2040 2041 2042 2043 2044 2045 2046 2047 2048 2049 2050 :=
1 1 1.0 1.0 1.0 1.0 1.0 1.0 1.0 1.0 1.0 1.0 1.0 1.0 1.0 1.0 1.0 1.0 1.0 1.0 1.0 1.0 1.0 1.0 1.0 1.0 1.0 1.0 1.0 1.0 1.0 1.0 1.0 1.0 
[CR,CARBONATE,CARBONATE,*,*]:
2018 2019 2020 2021 2022 2023 2024 2025 2026 2027 2028 2029 2030 2031 2032 2033 2034 2035 2036 2037 2038 2039 2040 2041 2042 2043 2044 2045 2046 2047 2048 2049 2050 :=
1 1 1.0 1.0 1.0 1.0 1.0 1.0 1.0 1.0 1.0 1.0 1.0 1.0 1.0 1.0 1.0 1.0 1.0 1.0 1.0 1.0 1.0 1.0 1.0 1.0 1.0 1.0 1.0 1.0 1.0 1.0 1.0 1.0 
[CR,T5REFR_AC_HFC32IPPU,E5IPPUREFR_AC_HFC32,*,*]:
2018 2019 2020 2021 2022 2023 2024 2025 2026 2027 2028 2029 2030 2031 2032 2033 2034 2035 2036 2037 2038 2039 2040 2041 2042 2043 2044 2045 2046 2047 2048 2049 2050 :=
1 1.0 1.0 1.0 1.0 1.0 1.0 1.0 1.0 1.0 1.0 1.0 1.0 1.0 1.0 1.0 1.0 1.0 1.0 1.0 1.0 1.0 1.0 1.0 1.0 1.0 1.0 1.0 1.0 1.0 1.0 1.0 1.0 1.0 
[CR,T5CEM_PRODIND,E5INDCEM_PROD,*,*]:
2018 2019 2020 2021 2022 2023 2024 2025 2026 2027 2028 2029 2030 2031 2032 2033 2034 2035 2036 2037 2038 2039 2040 2041 2042 2043 2044 2045 2046 2047 2048 2049 2050 :=
1 1.0 1.0 1.0 1.0 1.0 1.0 1.0 1.0 1.0 1.0 1.0 1.0 1.0 1.0 1.0 1.0 1.0 1.0 1.0 1.0 1.0 1.0 1.0 1.0 1.0 1.0 1.0 1.0 1.0 1.0 1.0 1.0 1.0 
[CR,IMP_STOR,CLK_PROD,*,*]:
2018 2019 2020 2021 2022 2023 2024 2025 2026 2027 2028 2029 2030 2031 2032 2033 2034 2035 2036 2037 2038 2039 2040 2041 2042 2043 2044 2045 2046 2047 2048 2049 2050 :=
1 1 1.0 1.0 1.0 1.0 1.0 1.0 1.0 1.0 1.0 1.0 1.0 1.0 1.0 1.0 1.0 1.0 1.0 1.0 1.0 1.0 1.0 1.0 1.0 1.0 1.0 1.0 1.0 1.0 1.0 1.0 1.0 1.0 
[CR,T5REFR_AC_HFC125IPPU,E5IPPUREFR_AC_HFC125,*,*]:
2018 2019 2020 2021 2022 2023 2024 2025 2026 2027 2028 2029 2030 2031 2032 2033 2034 2035 2036 2037 2038 2039 2040 2041 2042 2043 2044 2045 2046 2047 2048 2049 2050 :=
1 1.0 1.0 1.0 1.0 1.0 1.0 1.0 1.0 1.0 1.0 1.0 1.0 1.0 1.0 1.0 1.0 1.0 1.0 1.0 1.0 1.0 1.0 1.0 1.0 1.0 1.0 1.0 1.0 1.0 1.0 1.0 1.0 1.0 
[CR,LUBRI_OILS,LUBRI_OILS,*,*]:
2018 2019 2020 2021 2022 2023 2024 2025 2026 2027 2028 2029 2030 2031 2032 2033 2034 2035 2036 2037 2038 2039 2040 2041 2042 2043 2044 2045 2046 2047 2048 2049 2050 :=
1 1 1.0 1.0 1.0 1.0 1.0 1.0 1.0 1.0 1.0 1.0 1.0 1.0 1.0 1.0 1.0 1.0 1.0 1.0 1.0 1.0 1.0 1.0 1.0 1.0 1.0 1.0 1.0 1.0 1.0 1.0 1.0 1.0 
[CR,REFR_AC_HFC32,REFR_AC_HFC32,*,*]:
2018 2019 2020 2021 2022 2023 2024 2025 2026 2027 2028 2029 2030 2031 2032 2033 2034 2035 2036 2037 2038 2039 2040 2041 2042 2043 2044 2045 2046 2047 2048 2049 2050 :=
1 1 1.0 1.0 1.0 1.0 1.0 1.0 1.0 1.0 1.0 1.0 1.0 1.0 1.0 1.0 1.0 1.0 1.0 1.0 1.0 1.0 1.0 1.0 1.0 1.0 1.0 1.0 1.0 1.0 1.0 1.0 1.0 1.0 
[CR,REFR_AC_HFC125,REFR_AC_HFC125,*,*]:
2018 2019 2020 2021 2022 2023 2024 2025 2026 2027 2028 2029 2030 2031 2032 2033 2034 2035 2036 2037 2038 2039 2040 2041 2042 2043 2044 2045 2046 2047 2048 2049 2050 :=
1 1 1.0 1.0 1.0 1.0 1.0 1.0 1.0 1.0 1.0 1.0 1.0 1.0 1.0 1.0 1.0 1.0 1.0 1.0 1.0 1.0 1.0 1.0 1.0 1.0 1.0 1.0 1.0 1.0 1.0 1.0 1.0 1.0 
[CR,AEROSOLS_HFC152a,AEROSOLS_HFC152a,*,*]:
2018 2019 2020 2021 2022 2023 2024 2025 2026 2027 2028 2029 2030 2031 2032 2033 2034 2035 2036 2037 2038 2039 2040 2041 2042 2043 2044 2045 2046 2047 2048 2049 2050 :=
1 1 1.0 1.0 1.0 1.0 1.0 1.0 1.0 1.0 1.0 1.0 1.0 1.0 1.0 1.0 1.0 1.0 1.0 1.0 1.0 1.0 1.0 1.0 1.0 1.0 1.0 1.0 1.0 1.0 1.0 1.0 1.0 1.0 
[CR,FLUOR_GLASS_HFC152a,FLUOR_GLASS_HFC152a,*,*]:
2018 2019 2020 2021 2022 2023 2024 2025 2026 2027 2028 2029 2030 2031 2032 2033 2034 2035 2036 2037 2038 2039 2040 2041 2042 2043 2044 2045 2046 2047 2048 2049 2050 :=
1 1 1.0 1.0 1.0 1.0 1.0 1.0 1.0 1.0 1.0 1.0 1.0 1.0 1.0 1.0 1.0 1.0 1.0 1.0 1.0 1.0 1.0 1.0 1.0 1.0 1.0 1.0 1.0 1.0 1.0 1.0 1.0 1.0 
[CR,T5FLUOR_GLASS_HFC152aIPPU,E5IPPUFLUOR_GLASS_HFC152a,*,*]:
2018 2019 2020 2021 2022 2023 2024 2025 2026 2027 2028 2029 2030 2031 2032 2033 2034 2035 2036 2037 2038 2039 2040 2041 2042 2043 2044 2045 2046 2047 2048 2049 2050 :=
1 1.0 1.0 1.0 1.0 1.0 1.0 1.0 1.0 1.0 1.0 1.0 1.0 1.0 1.0 1.0 1.0 1.0 1.0 1.0 1.0 1.0 1.0 1.0 1.0 1.0 1.0 1.0 1.0 1.0 1.0 1.0 1.0 1.0 
[CR,LUBRI_GREASE,LUBRI_GREASE,*,*]:
2018 2019 2020 2021 2022 2023 2024 2025 2026 2027 2028 2029 2030 2031 2032 2033 2034 2035 2036 2037 2038 2039 2040 2041 2042 2043 2044 2045 2046 2047 2048 2049 2050 :=
1 1 1.0 1.0 1.0 1.0 1.0 1.0 1.0 1.0 1.0 1.0 1.0 1.0 1.0 1.0 1.0 1.0 1.0 1.0 1.0 1.0 1.0 1.0 1.0 1.0 1.0 1.0 1.0 1.0 1.0 1.0 1.0 1.0 
[CR,LIME_PROD,LIME_PROD,*,*]:
2018 2019 2020 2021 2022 2023 2024 2025 2026 2027 2028 2029 2030 2031 2032 2033 2034 2035 2036 2037 2038 2039 2040 2041 2042 2043 2044 2045 2046 2047 2048 2049 2050 :=
1 1 1.0 1.0 1.0 1.0 1.0 1.0 1.0 1.0 1.0 1.0 1.0 1.0 1.0 1.0 1.0 1.0 1.0 1.0 1.0 1.0 1.0 1.0 1.0 1.0 1.0 1.0 1.0 1.0 1.0 1.0 1.0 1.0 
[CR,FIRE_PROT_HFC125,FIRE_PROT_HFC125,*,*]:
2018 2019 2020 2021 2022 2023 2024 2025 2026 2027 2028 2029 2030 2031 2032 2033 2034 2035 2036 2037 2038 2039 2040 2041 2042 2043 2044 2045 2046 2047 2048 2049 2050 :=
1 1 1.0 1.0 1.0 1.0 1.0 1.0 1.0 1.0 1.0 1.0 1.0 1.0 1.0 1.0 1.0 1.0 1.0 1.0 1.0 1.0 1.0 1.0 1.0 1.0 1.0 1.0 1.0 1.0 1.0 1.0 1.0 1.0 
[CR,T5GLASS_PRODIPPU,E5IPPUGLASS_PROD,*,*]:
2018 2019 2020 2021 2022 2023 2024 2025 2026 2027 2028 2029 2030 2031 2032 2033 2034 2035 2036 2037 2038 2039 2040 2041 2042 2043 2044 2045 2046 2047 2048 2049 2050 :=
1 1.0 1.0 1.0 1.0 1.0 1.0 1.0 1.0 1.0 1.0 1.0 1.0 1.0 1.0 1.0 1.0 1.0 1.0 1.0 1.0 1.0 1.0 1.0 1.0 1.0 1.0 1.0 1.0 1.0 1.0 1.0 1.0 1.0 
[CR,T5NITRIC_ACIDIPPU,E5IPPUNITRIC_ACID,*,*]:
2018 2019 2020 2021 2022 2023 2024 2025 2026 2027 2028 2029 2030 2031 2032 2033 2034 2035 2036 2037 2038 2039 2040 2041 2042 2043 2044 2045 2046 2047 2048 2049 2050 :=
1 1.0 1.0 1.0 1.0 1.0 1.0 1.0 1.0 1.0 1.0 1.0 1.0 1.0 1.0 1.0 1.0 1.0 1.0 1.0 1.0 1.0 1.0 1.0 1.0 1.0 1.0 1.0 1.0 1.0 1.0 1.0 1.0 1.0 
[CR,REFR_AC_HFC134a,REFR_AC_HFC134a,*,*]:
2018 2019 2020 2021 2022 2023 2024 2025 2026 2027 2028 2029 2030 2031 2032 2033 2034 2035 2036 2037 2038 2039 2040 2041 2042 2043 2044 2045 2046 2047 2048 2049 2050 :=
1 1 1.0 1.0 1.0 1.0 1.0 1.0 1.0 1.0 1.0 1.0 1.0 1.0 1.0 1.0 1.0 1.0 1.0 1.0 1.0 1.0 1.0 1.0 1.0 1.0 1.0 1.0 1.0 1.0 1.0 1.0 1.0 1.0 
[CR,REFR_AC_HFC23,REFR_AC_HFC23,*,*]:
2018 2019 2020 2021 2022 2023 2024 2025 2026 2027 2028 2029 2030 2031 2032 2033 2034 2035 2036 2037 2038 2039 2040 2041 2042 2043 2044 2045 2046 2047 2048 2049 2050 :=
1 1 1.0 1.0 1.0 1.0 1.0 1.0 1.0 1.0 1.0 1.0 1.0 1.0 1.0 1.0 1.0 1.0 1.0 1.0 1.0 1.0 1.0 1.0 1.0 1.0 1.0 1.0 1.0 1.0 1.0 1.0 1.0 1.0 
[CR,NITRIC_ACID,NITRIC_ACID,*,*]:
2018 2019 2020 2021 2022 2023 2024 2025 2026 2027 2028 2029 2030 2031 2032 2033 2034 2035 2036 2037 2038 2039 2040 2041 2042 2043 2044 2045 2046 2047 2048 2049 2050 :=
1 1 1.0 1.0 1.0 1.0 1.0 1.0 1.0 1.0 1.0 1.0 1.0 1.0 1.0 1.0 1.0 1.0 1.0 1.0 1.0 1.0 1.0 1.0 1.0 1.0 1.0 1.0 1.0 1.0 1.0 1.0 1.0 1.0 
[CR,PROD_CLK_TRAD,CLK_PROD,*,*]:
2018 2019 2020 2021 2022 2023 2024 2025 2026 2027 2028 2029 2030 2031 2032 2033 2034 2035 2036 2037 2038 2039 2040 2041 2042 2043 2044 2045 2046 2047 2048 2049 2050 :=
1 1.0 1.0 1.0 1.0 1.0 1.0 1.0 1.0 1.0 1.0 1.0 1.0 1.0 1.0 1.0 1.0 1.0 1.0 1.0 1.0 1.0 1.0 1.0 1.0 1.0 1.0 1.0 1.0 1.0 1.0 1.0 1.0 1.0 
[CR,PARAFFIN,PARAFFIN,*,*]:
2018 2019 2020 2021 2022 2023 2024 2025 2026 2027 2028 2029 2030 2031 2032 2033 2034 2035 2036 2037 2038 2039 2040 2041 2042 2043 2044 2045 2046 2047 2048 2049 2050 :=
1 1 1.0 1.0 1.0 1.0 1.0 1.0 1.0 1.0 1.0 1.0 1.0 1.0 1.0 1.0 1.0 1.0 1.0 1.0 1.0 1.0 1.0 1.0 1.0 1.0 1.0 1.0 1.0 1.0 1.0 1.0 1.0 1.0 
;

param SpecifiedAnnualDemand default 0 :=
[CR,*,*]:
2018 2019 2020 2021 2022 2023 2024 2025 2026 2027 2028 2029 2030 2031 2032 2033 2034 2035 2036 2037 2038 2039 2040 2041 2042 2043 2044 2045 2046 2047 2048 2049 2050 :=
E5INDCEM_PROD 0.0 0.0 1817.6601 2096.373 1993.3068 2262.3757 2340.63 2407.5822 2479.5845 2496.8521 2512.9477 2527.8145 2541.1253 2552.8577 2563.5363 2573.6109 2583.6096 2593.1113 2602.0322 2610.0238 2617.0438 2623.3466 2628.627 2633.0466 2636.4098 2638.9127 2640.1074 2641.3026 2642.4984 2643.6947 2644.8915 2646.0889 2647.2868 
E5IPPULIME_PROD 0.0 0.0 2.1467 2.1467 2.0412 2.3167 2.3968 2.4654 2.5391 2.5568 2.5733 2.5885 2.6021 2.6141 2.625 2.6353 2.6455 2.6552 2.6643 2.6725 2.6797 2.6862 2.6916 2.6961 2.6995 2.7021 2.7033 2.7045 2.7057 2.7069 2.7081 2.7093 2.7105 
E5IPPUGLASS_PROD 0.0 0.0 109.619 135.4762 140.0796 151.8459 160.1311 166.8944 173.5492 178.6991 183.6078 188.2364 192.46 196.2464 199.7444 203.0893 206.4514 209.6867 212.7605 215.5449 218.0152 220.2525 222.1416 223.7331 224.9508 225.8608 226.2965 226.733 227.1704 227.6086 228.0477 228.4876 228.9284 
E5IPPUCARBONATE 0.0 0.0 16.0031 14.1473 14.628 15.8567 16.7219 17.4282 18.1231 18.6609 19.1735 19.6568 20.0979 20.4933 20.8586 21.2079 21.559 21.8969 22.2179 22.5087 22.7667 23.0003 23.1976 23.3638 23.491 23.586 23.6315 23.6771 23.7228 23.7686 23.8145 23.8604 23.9064 
E5IPPUNITRIC_ACID 0.0 0.0 0.0 0.0 0.0 0.0 0.0 0.0 0.0 0.0 0.0 0.0 0.0 0.0 0.0 0.0 0.0 0.0 0.0 0.0 0.0 0.0 0.0 0.0 0.0 0.0 0.0 0.0 0.0 0.0 0.0 0.0 0.0 
E5IPPUCARBIDE_PROD 0.0 0.0 90.9091 172.7273 178.5965 193.5982 204.1616 212.7846 221.2693 227.8353 234.0937 239.995 245.38 250.2075 254.6673 258.932 263.2186 267.3435 271.2625 274.8126 277.9622 280.8147 283.2233 285.2524 286.805 287.9652 288.5207 289.0773 289.635 290.1937 290.7535 291.3144 291.8764 
E5IPPULUBRI_OILS 0.0 0.0 20301.8996 18266.6214 18887.309 20473.7953 21590.915 22502.8325 23400.1219 24094.502 24756.3501 25380.4391 25949.9239 26460.4554 26932.0964 27383.1047 27836.4305 28272.6558 28687.1108 29062.5461 29395.6269 29697.2938 29952.0081 30166.5975 30330.7863 30453.486 30512.2331 30571.0935 30630.0674 30689.1551 30748.3568 30807.6727 30867.103 
E5IPPULUBRI_GREASE 0.0 0.0 0.0 67.8426 70.1478 76.04 80.189 83.5759 86.9084 89.4873 91.9454 94.2633 96.3784 98.2745 100.0262 101.7013 103.385 105.0051 106.5444 107.9388 109.1759 110.2963 111.2423 112.0393 112.6491 113.1048 113.323 113.5416 113.7606 113.9801 114.2 114.4203 114.641 
E5IPPUPARAFFIN 0.0 0.0 322.2524 220.4885 227.9806 247.1304 260.6147 271.6221 282.4529 290.8345 298.8234 306.3565 313.2305 319.3929 325.0859 330.5298 336.0017 341.2672 346.2699 350.8016 354.8221 358.4634 361.5379 364.1281 366.11 367.5911 368.3002 369.0107 369.7225 370.4357 371.1503 371.8663 372.5837 
E5IPPUREFR_AC_HFC32 33189.9153 35971.9728 39077.074 47822.8509 49999.504 52555.4396 54826.478 56814.8557 58959.6183 60251.2731 61473.127 62617.211 63654.4752 64579.0202 65428.8233 66237.7258 67047.2798 67822.975 68556.9821 69219.3704 69805.0449 70333.9094 70779.2721 71153.6421 71439.5506 71652.9098 71754.9557 71857.147 71959.4838 72061.9663 72164.5948 72267.3695 72370.2905 
E5IPPUREFR_AC_HFC125 91247.5249 107312.7319 123318.0879 134684.6878 140814.8503 148013.1954 154409.1776 160009.0952 166049.4437 169687.1632 173128.3007 176350.4129 179271.686 181875.5051 184268.8267 186546.9589 188826.9259 191011.5357 193078.7382 194944.2389 196593.6885 198083.1429 199337.4289 200391.7763 201196.9876 201797.8764 202085.2709 202373.0747 202661.2884 202949.9126 203238.9478 203528.3946 203818.2536 
E5IPPUREFR_AC_HFC134a 256074.2312 265481.8746 259574.6331 264092.2238 276112.3596 290227.0076 302768.3676 313748.7895 325592.8164 332725.724 339473.17 345791.1471 351519.2333 356624.8499 361317.7192 365784.723 370255.3245 374538.9477 378592.3565 382250.2647 385484.5359 388405.0856 390864.5127 392931.8966 394510.7698 395689.0037 396252.5322 396816.8632 397381.9979 397947.9375 398514.6831 399082.2358 399650.5968 
E5IPPUREFR_AC_HFC143a 37216.8878 42079.8129 39506.6251 39962.4423 41781.3296 43917.1585 45814.9174 47476.4751 49268.7136 50348.0654 51369.0891 52325.1256 53191.8998 53964.4818 54674.6069 55350.554 56027.0455 56675.2435 57288.6054 57842.1202 58331.5302 58773.4679 59145.6285 59458.4651 59697.3802 59875.6706 59960.9437 60046.3383 60131.8545 60217.4925 60303.2525 60389.1346 60475.139 
E5IPPUREFR_AC_HFC152a 12642.7812 15757.6389 16670.6266 18217.8113 19046.9935 20020.6609 20885.7986 21643.2584 22460.2921 22952.3398 23417.7973 23853.6288 24248.768 24600.9675 24924.6946 25232.8409 25541.2353 25836.7315 26116.3468 26368.6794 26591.7884 26793.256 26962.9141 27105.528 27214.443 27295.7208 27334.5945 27373.5236 27412.5082 27451.5483 27490.644 27529.7954 27569.0025 
E5IPPUREFR_AC_HFC23 3.4514 8.4177 33.5732 9.4457 9.8756 10.3804 10.829 11.2217 11.6453 11.9004 12.1417 12.3677 12.5726 12.7552 12.923 13.0828 13.2427 13.3959 13.5409 13.6717 13.7874 13.8919 13.9799 14.0538 14.1103 14.1524 14.1726 14.1928 14.213 14.2332 14.2535 14.2738 14.2941 
E5IPPUFIRE_PROT_HFC125 0.0 0.0 0.0 233.4385 244.0634 256.5397 267.6254 277.3313 287.8006 294.1056 300.0699 305.6545 310.7177 315.2307 319.3789 323.3274 327.2791 331.0655 334.6484 337.8817 340.7406 343.3222 345.4962 347.3236 348.7192 349.7607 350.2588 350.7576 351.2571 351.7573 352.2583 352.76 353.2624 
E5IPPUAEROSOLS_HFC152a 0.0 0.0 2000.0 1905.7971 1992.5393 2094.3964 2184.9 2264.1392 2349.6105 2401.0845 2449.7768 2495.3699 2536.7061 2573.5503 2607.416 2639.6517 2671.9134 2702.8258 2732.0769 2758.4739 2781.8137 2802.8896 2820.6378 2835.5569 2846.9507 2855.4533 2859.52 2863.5924 2867.6706 2871.7547 2875.8446 2879.9403 2884.0418 
E5IPPUFLUOR_GLASS_HFC152a 0.0 0.0 17913.0435 18963.7681 19826.9024 20840.4382 21741.0003 22529.4755 23379.9639 23892.1592 24376.6756 24830.3529 25241.6717 25608.2926 25945.2752 26266.039 26587.0611 26894.6568 27185.7214 27448.3862 27680.6307 27890.3477 28066.9527 28215.4061 28328.7808 28413.3867 28453.8522 28494.3753 28534.9561 28575.5947 28616.2912 28657.0457 28697.8582 
E5IPPUSF6_USE 0.0 0.0 43.9331 71.0042 73.4169 75.6194 79.7455 83.1136 86.4277 88.9924 91.4369 93.742 95.8454 97.731 99.473 101.1388 102.8131 104.4243 105.9551 107.3418 108.572 109.6862 110.627 111.4196 112.026 112.4792 112.6962 112.9136 113.1314 113.3496 113.5683 113.7874 114.0069 
;

param SpecifiedDemandProfile default 0 :=
[CR,E5IPPUAEROSOLS_HFC152a,*,*]:
2018 2019 2020 2021 2022 2023 2024 2025 2026 2027 2028 2029 2030 2031 2032 2033 2034 2035 2036 2037 2038 2039 2040 2041 2042 2043 2044 2045 2046 2047 2048 2049 2050 :=
All 1 1 1 1 1 1 1 1 1 1 1 1 1 1 1 1 1 1 1 1 1 1 1 1 1 1 1 1 1 1 1 1 1 
[CR,E5IPPUNITRIC_ACID,*,*]:
2018 2019 2020 2021 2022 2023 2024 2025 2026 2027 2028 2029 2030 2031 2032 2033 2034 2035 2036 2037 2038 2039 2040 2041 2042 2043 2044 2045 2046 2047 2048 2049 2050 :=
All 1 1 1 1 1 1 1 1 1 1 1 1 1 1 1 1 1 1 1 1 1 1 1 1 1 1 1 1 1 1 1 1 1 
[CR,E5IPPUCARBIDE_PROD,*,*]:
2018 2019 2020 2021 2022 2023 2024 2025 2026 2027 2028 2029 2030 2031 2032 2033 2034 2035 2036 2037 2038 2039 2040 2041 2042 2043 2044 2045 2046 2047 2048 2049 2050 :=
All 1 1 1 1 1 1 1 1 1 1 1 1 1 1 1 1 1 1 1 1 1 1 1 1 1 1 1 1 1 1 1 1 1 
[CR,E5IPPULUBRI_OILS,*,*]:
2018 2019 2020 2021 2022 2023 2024 2025 2026 2027 2028 2029 2030 2031 2032 2033 2034 2035 2036 2037 2038 2039 2040 2041 2042 2043 2044 2045 2046 2047 2048 2049 2050 :=
All 1 1 1 1 1 1 1 1 1 1 1 1 1 1 1 1 1 1 1 1 1 1 1 1 1 1 1 1 1 1 1 1 1 
[CR,E5IPPUFLUOR_GLASS_HFC152a,*,*]:
2018 2019 2020 2021 2022 2023 2024 2025 2026 2027 2028 2029 2030 2031 2032 2033 2034 2035 2036 2037 2038 2039 2040 2041 2042 2043 2044 2045 2046 2047 2048 2049 2050 :=
All 1 1 1 1 1 1 1 1 1 1 1 1 1 1 1 1 1 1 1 1 1 1 1 1 1 1 1 1 1 1 1 1 1 
[CR,E5IPPUREFR_AC_HFC143a,*,*]:
2018 2019 2020 2021 2022 2023 2024 2025 2026 2027 2028 2029 2030 2031 2032 2033 2034 2035 2036 2037 2038 2039 2040 2041 2042 2043 2044 2045 2046 2047 2048 2049 2050 :=
All 1 1 1 1 1 1 1 1 1 1 1 1 1 1 1 1 1 1 1 1 1 1 1 1 1 1 1 1 1 1 1 1 1 
[CR,E5IPPULUBRI_GREASE,*,*]:
2018 2019 2020 2021 2022 2023 2024 2025 2026 2027 2028 2029 2030 2031 2032 2033 2034 2035 2036 2037 2038 2039 2040 2041 2042 2043 2044 2045 2046 2047 2048 2049 2050 :=
All 1 1 1 1 1 1 1 1 1 1 1 1 1 1 1 1 1 1 1 1 1 1 1 1 1 1 1 1 1 1 1 1 1 
[CR,E5IPPULIME_PROD,*,*]:
2018 2019 2020 2021 2022 2023 2024 2025 2026 2027 2028 2029 2030 2031 2032 2033 2034 2035 2036 2037 2038 2039 2040 2041 2042 2043 2044 2045 2046 2047 2048 2049 2050 :=
All 1 1 1 1 1 1 1 1 1 1 1 1 1 1 1 1 1 1 1 1 1 1 1 1 1 1 1 1 1 1 1 1 1 
[CR,E5IPPUFIRE_PROT_HFC125,*,*]:
2018 2019 2020 2021 2022 2023 2024 2025 2026 2027 2028 2029 2030 2031 2032 2033 2034 2035 2036 2037 2038 2039 2040 2041 2042 2043 2044 2045 2046 2047 2048 2049 2050 :=
All 1 1 1 1 1 1 1 1 1 1 1 1 1 1 1 1 1 1 1 1 1 1 1 1 1 1 1 1 1 1 1 1 1 
[CR,E5IPPUCARBONATE,*,*]:
2018 2019 2020 2021 2022 2023 2024 2025 2026 2027 2028 2029 2030 2031 2032 2033 2034 2035 2036 2037 2038 2039 2040 2041 2042 2043 2044 2045 2046 2047 2048 2049 2050 :=
All 1 1 1 1 1 1 1 1 1 1 1 1 1 1 1 1 1 1 1 1 1 1 1 1 1 1 1 1 1 1 1 1 1 
[CR,E5IPPUPARAFFIN,*,*]:
2018 2019 2020 2021 2022 2023 2024 2025 2026 2027 2028 2029 2030 2031 2032 2033 2034 2035 2036 2037 2038 2039 2040 2041 2042 2043 2044 2045 2046 2047 2048 2049 2050 :=
All 1 1 1 1 1 1 1 1 1 1 1 1 1 1 1 1 1 1 1 1 1 1 1 1 1 1 1 1 1 1 1 1 1 
[CR,E5INDCEM_PROD,*,*]:
2018 2019 2020 2021 2022 2023 2024 2025 2026 2027 2028 2029 2030 2031 2032 2033 2034 2035 2036 2037 2038 2039 2040 2041 2042 2043 2044 2045 2046 2047 2048 2049 2050 :=
All 1 1 1 1 1 1 1 1 1 1 1 1 1 1 1 1 1 1 1 1 1 1 1 1 1 1 1 1 1 1 1 1 1 
[CR,E5IPPUSF6_USE,*,*]:
2018 2019 2020 2021 2022 2023 2024 2025 2026 2027 2028 2029 2030 2031 2032 2033 2034 2035 2036 2037 2038 2039 2040 2041 2042 2043 2044 2045 2046 2047 2048 2049 2050 :=
All 1 1 1 1 1 1 1 1 1 1 1 1 1 1 1 1 1 1 1 1 1 1 1 1 1 1 1 1 1 1 1 1 1 
[CR,E5IPPUREFR_AC_HFC23,*,*]:
2018 2019 2020 2021 2022 2023 2024 2025 2026 2027 2028 2029 2030 2031 2032 2033 2034 2035 2036 2037 2038 2039 2040 2041 2042 2043 2044 2045 2046 2047 2048 2049 2050 :=
All 1 1 1 1 1 1 1 1 1 1 1 1 1 1 1 1 1 1 1 1 1 1 1 1 1 1 1 1 1 1 1 1 1 
[CR,E5IPPUREFR_AC_HFC32,*,*]:
2018 2019 2020 2021 2022 2023 2024 2025 2026 2027 2028 2029 2030 2031 2032 2033 2034 2035 2036 2037 2038 2039 2040 2041 2042 2043 2044 2045 2046 2047 2048 2049 2050 :=
All 1 1 1 1 1 1 1 1 1 1 1 1 1 1 1 1 1 1 1 1 1 1 1 1 1 1 1 1 1 1 1 1 1 
[CR,E5IPPUREFR_AC_HFC134a,*,*]:
2018 2019 2020 2021 2022 2023 2024 2025 2026 2027 2028 2029 2030 2031 2032 2033 2034 2035 2036 2037 2038 2039 2040 2041 2042 2043 2044 2045 2046 2047 2048 2049 2050 :=
All 1 1 1 1 1 1 1 1 1 1 1 1 1 1 1 1 1 1 1 1 1 1 1 1 1 1 1 1 1 1 1 1 1 
[CR,E5IPPUREFR_AC_HFC152a,*,*]:
2018 2019 2020 2021 2022 2023 2024 2025 2026 2027 2028 2029 2030 2031 2032 2033 2034 2035 2036 2037 2038 2039 2040 2041 2042 2043 2044 2045 2046 2047 2048 2049 2050 :=
All 1 1 1 1 1 1 1 1 1 1 1 1 1 1 1 1 1 1 1 1 1 1 1 1 1 1 1 1 1 1 1 1 1 
[CR,E5IPPUGLASS_PROD,*,*]:
2018 2019 2020 2021 2022 2023 2024 2025 2026 2027 2028 2029 2030 2031 2032 2033 2034 2035 2036 2037 2038 2039 2040 2041 2042 2043 2044 2045 2046 2047 2048 2049 2050 :=
All 1 1 1 1 1 1 1 1 1 1 1 1 1 1 1 1 1 1 1 1 1 1 1 1 1 1 1 1 1 1 1 1 1 
[CR,E5IPPUREFR_AC_HFC125,*,*]:
2018 2019 2020 2021 2022 2023 2024 2025 2026 2027 2028 2029 2030 2031 2032 2033 2034 2035 2036 2037 2038 2039 2040 2041 2042 2043 2044 2045 2046 2047 2048 2049 2050 :=
All 1 1 1 1 1 1 1 1 1 1 1 1 1 1 1 1 1 1 1 1 1 1 1 1 1 1 1 1 1 1 1 1 1 
;

param TotalTechnologyAnnualActivityLowerLimit default 0 :=
[CR,*,*]:
2018 2019 2020 2021 2022 2023 2024 2025 2026 2027 2028 2029 2030 2031 2032 2033 2034 2035 2036 2037 2038 2039 2040 2041 2042 2043 2044 2045 2046 2047 2048 2049 2050 :=
LIME_PROD 0.0 0.0 2.1467 2.1467 2.0412 2.3167 2.3968 2.4654 2.5391 2.5568 2.5733 2.5885 2.6021 2.6141 2.625 2.6353 2.6455 2.6552 2.6643 2.6725 2.6797 2.6862 2.6916 2.6961 2.6995 2.7021 2.7033 2.7045 2.7057 2.7069 2.7081 2.7093 2.7105 
GLASS_PROD 0.0 0.0 109.619 135.4762 140.0796 151.8459 160.1311 166.8944 173.5492 178.6991 183.6078 188.2364 192.46 196.2464 199.7444 203.0893 206.4514 209.6867 212.7605 215.5449 218.0152 220.2525 222.1416 223.7331 224.9508 225.8608 226.2965 226.733 227.1704 227.6086 228.0477 228.4876 228.9284 
CARBONATE 0.0 0.0 16.0031 14.1473 14.628 15.8567 16.7219 17.4282 18.1231 18.6609 19.1735 19.6568 20.0979 20.4933 20.8586 21.2079 21.559 21.8969 22.2179 22.5087 22.7667 23.0003 23.1976 23.3638 23.491 23.586 23.6315 23.6771 23.7228 23.7686 23.8145 23.8604 23.9064 
NITRIC_ACID 0.0 0.0 0.0 0.0 0.0 0.0 0.0 0.0 0.0 0.0 0.0 0.0 0.0 0.0 0.0 0.0 0.0 0.0 0.0 0.0 0.0 0.0 0.0 0.0 0.0 0.0 0.0 0.0 0.0 0.0 0.0 0.0 0.0 
CARBIDE_PROD 0.0 0.0 90.9091 172.7273 178.5965 193.5982 204.1616 212.7846 221.2693 227.8353 234.0937 239.995 245.38 250.2075 254.6673 258.932 263.2186 267.3435 271.2625 274.8126 277.9622 280.8147 283.2233 285.2524 286.805 287.9652 288.5207 289.0773 289.635 290.1937 290.7535 291.3144 291.8764 
LUBRI_OILS 0.0 0.0 20301.8996 18266.6214 18887.309 20473.7953 21590.915 22502.8325 23400.1219 24094.502 24756.3501 25380.4391 25949.9239 26460.4554 26932.0964 27383.1047 27836.4305 28272.6558 28687.1108 29062.5461 29395.6269 29697.2938 29952.0081 30166.5975 30330.7863 30453.486 30512.2331 30571.0935 30630.0674 30689.1551 30748.3568 30807.6727 30867.103 
LUBRI_GREASE 0.0 0.0 0.0 67.8426 70.1478 76.04 80.189 83.5759 86.9084 89.4873 91.9454 94.2633 96.3784 98.2745 100.0262 101.7013 103.385 105.0051 106.5444 107.9388 109.1759 110.2963 111.2423 112.0393 112.6491 113.1048 113.323 113.5416 113.7606 113.9801 114.2 114.4203 114.641 
PARAFFIN 0.0 0.0 322.2524 220.4885 227.9806 247.1304 260.6147 271.6221 282.4529 290.8345 298.8234 306.3565 313.2305 319.3929 325.0859 330.5298 336.0017 341.2672 346.2699 350.8016 354.8221 358.4634 361.5379 364.1281 366.11 367.5911 368.3002 369.0107 369.7225 370.4357 371.1503 371.8663 372.5837 
REFR_AC_HFC32 33189.9153 35971.9728 39077.074 47822.8509 49999.504 52555.4396 54826.478 56814.8557 58959.6183 60251.2731 61473.127 62617.211 63654.4752 64579.0202 65428.8233 66237.7258 67047.2798 67822.975 68556.9821 69219.3704 69805.0449 70333.9094 70779.2721 71153.6421 71439.5506 71652.9098 71754.9557 71857.147 71959.4838 72061.9663 72164.5948 72267.3695 72370.2905 
REFR_AC_HFC125 91247.5249 107312.7319 123318.0879 134684.6878 140814.8503 148013.1954 154409.1776 160009.0952 166049.4437 169687.1632 173128.3007 176350.4129 179271.686 181875.5051 184268.8267 186546.9589 188826.9259 191011.5357 193078.7382 194944.2389 196593.6885 198083.1429 199337.4289 200391.7763 201196.9876 201797.8764 202085.2709 202373.0747 202661.2884 202949.9126 203238.9478 203528.3946 203818.2536 
REFR_AC_HFC134a 256074.2312 265481.8746 259574.6331 264092.2238 276112.3596 290227.0076 302768.3676 313748.7895 325592.8164 332725.724 339473.17 345791.1471 351519.2333 356624.8499 361317.7192 365784.723 370255.3245 374538.9477 378592.3565 382250.2647 385484.5359 388405.0856 390864.5127 392931.8966 394510.7698 395689.0037 396252.5322 396816.8632 397381.9979 397947.9375 398514.6831 399082.2358 399650.5968 
REFR_AC_HFC143a 37216.8878 42079.8129 39506.6251 39962.4423 41781.3296 43917.1585 45814.9174 47476.4751 49268.7136 50348.0654 51369.0891 52325.1256 53191.8998 53964.4818 54674.6069 55350.554 56027.0455 56675.2435 57288.6054 57842.1202 58331.5302 58773.4679 59145.6285 59458.4651 59697.3802 59875.6706 59960.9437 60046.3383 60131.8545 60217.4925 60303.2525 60389.1346 60475.139 
REFR_AC_HFC152a 12642.7812 15757.6389 16670.6266 18217.8113 19046.9935 20020.6609 20885.7986 21643.2584 22460.2921 22952.3398 23417.7973 23853.6288 24248.768 24600.9675 24924.6946 25232.8409 25541.2353 25836.7315 26116.3468 26368.6794 26591.7884 26793.256 26962.9141 27105.528 27214.443 27295.7208 27334.5945 27373.5236 27412.5082 27451.5483 27490.644 27529.7954 27569.0025 
REFR_AC_HFC23 3.4514 8.4177 33.5732 9.4457 9.8756 10.3804 10.829 11.2217 11.6453 11.9004 12.1417 12.3677 12.5726 12.7552 12.923 13.0828 13.2427 13.3959 13.5409 13.6717 13.7874 13.8919 13.9799 14.0538 14.1103 14.1524 14.1726 14.1928 14.213 14.2332 14.2535 14.2738 14.2941 
FIRE_PROT_HFC125 0.0 0.0 0.0 233.4385 244.0634 256.5397 267.6254 277.3313 287.8006 294.1056 300.0699 305.6545 310.7177 315.2307 319.3789 323.3274 327.2791 331.0655 334.6484 337.8817 340.7406 343.3222 345.4962 347.3236 348.7192 349.7607 350.2588 350.7576 351.2571 351.7573 352.2583 352.76 353.2624 
AEROSOLS_HFC152a 0.0 0.0 2000.0 1905.7971 1992.5393 2094.3964 2184.9 2264.1392 2349.6105 2401.0845 2449.7768 2495.3699 2536.7061 2573.5503 2607.416 2639.6517 2671.9134 2702.8258 2732.0769 2758.4739 2781.8137 2802.8896 2820.6378 2835.5569 2846.9507 2855.4533 2859.52 2863.5924 2867.6706 2871.7547 2875.8446 2879.9403 2884.0418 
FLUOR_GLASS_HFC152a 0.0 0.0 17913.0435 18963.7681 19826.9024 20840.4382 21741.0003 22529.4755 23379.9639 23892.1592 24376.6756 24830.3529 25241.6717 25608.2926 25945.2752 26266.039 26587.0611 26894.6568 27185.7214 27448.3862 27680.6307 27890.3477 28066.9527 28215.4061 28328.7808 28413.3867 28453.8522 28494.3753 28534.9561 28575.5947 28616.2912 28657.0457 28697.8582 
SF6_USE 0.0 0.0 43.9331 71.0042 73.4169 75.6194 79.7455 83.1136 86.4277 88.9924 91.4369 93.742 95.8454 97.731 99.473 101.1388 102.8131 104.4243 105.9551 107.3418 108.572 109.6862 110.627 111.4196 112.026 112.4792 112.6962 112.9136 113.1314 113.3496 113.5683 113.7874 114.0069 
PROD_CLK_TRAD 0.0 0.0 0.0 0.0 0.0 0.0 0.0 0.0 0.0 0.0 0.0 0.0 0.0 0.0 0.0 0.0 0.0 0.0 0.0 0.0 0.0 0.0 0.0 0.0 0.0 0.0 0.0 0.0 0.0 0.0 0.0 0.0 0.0 
;

param TotalTechnologyAnnualActivityUpperLimit default 9999999999 :=
[CR,*,*]:
2018 2019 2020 2021 2022 2023 2024 2025 2026 2027 2028 2029 2030 2031 2032 2033 2034 2035 2036 2037 2038 2039 2040 2041 2042 2043 2044 2045 2046 2047 2048 2049 2050 :=
IMP_STOR 0.0 0.0 0.0 0.0 0.0 0.0 0.0 0.0 0.0 0.0 0.0 0.0 0.0 0.0 0.0 0.0 0.0 0.0 0.0 0.0 0.0 0.0 0.0 0.0 0.0 0.0 0.0 0.0 0.0 0.0 0.0 0.0 0.0 
LIME_PROD 0.0 0.0 2.1467 2.1467 2.0412 2.3167 2.3968 2.4654 2.5391 2.5568 2.5733 2.5885 2.6021 2.6141 2.625 2.6353 2.6455 2.6552 2.6643 2.6725 2.6797 2.6862 2.6916 2.6961 2.6995 2.7021 2.7033 2.7045 2.7057 2.7069 2.7081 2.7093 2.7105 
GLASS_PROD 0.0 0.0 109.619 135.4762 140.0796 151.8459 160.1311 166.8944 173.5492 178.6991 183.6078 188.2364 192.46 196.2464 199.7444 203.0893 206.4514 209.6867 212.7605 215.5449 218.0152 220.2525 222.1416 223.7331 224.9508 225.8608 226.2965 226.733 227.1704 227.6086 228.0477 228.4876 228.9284 
CARBONATE 0.0 0.0 16.0031 14.1473 14.628 15.8567 16.7219 17.4282 18.1231 18.6609 19.1735 19.6568 20.0979 20.4933 20.8586 21.2079 21.559 21.8969 22.2179 22.5087 22.7667 23.0003 23.1976 23.3638 23.491 23.586 23.6315 23.6771 23.7228 23.7686 23.8145 23.8604 23.9064 
NITRIC_ACID 0.0 0.0 0.0 0.0 0.0 0.0 0.0 0.0 0.0 0.0 0.0 0.0 0.0 0.0 0.0 0.0 0.0 0.0 0.0 0.0 0.0 0.0 0.0 0.0 0.0 0.0 0.0 0.0 0.0 0.0 0.0 0.0 0.0 
CARBIDE_PROD 0.0 0.0 90.9091 172.7273 178.5965 193.5982 204.1616 212.7846 221.2693 227.8353 234.0937 239.995 245.38 250.2075 254.6673 258.932 263.2186 267.3435 271.2625 274.8126 277.9622 280.8147 283.2233 285.2524 286.805 287.9652 288.5207 289.0773 289.635 290.1937 290.7535 291.3144 291.8764 
LUBRI_OILS 0.0 0.0 20301.8996 18266.6214 18887.309 20473.7953 21590.915 22502.8325 23400.1219 24094.502 24756.3501 25380.4391 25949.9239 26460.4554 26932.0964 27383.1047 27836.4305 28272.6558 28687.1108 29062.5461 29395.6269 29697.2938 29952.0081 30166.5975 30330.7863 30453.486 30512.2331 30571.0935 30630.0674 30689.1551 30748.3568 30807.6727 30867.103 
LUBRI_GREASE 0.0 0.0 0.0 67.8426 70.1478 76.04 80.189 83.5759 86.9084 89.4873 91.9454 94.2633 96.3784 98.2745 100.0262 101.7013 103.385 105.0051 106.5444 107.9388 109.1759 110.2963 111.2423 112.0393 112.6491 113.1048 113.323 113.5416 113.7606 113.9801 114.2 114.4203 114.641 
PARAFFIN 0.0 0.0 322.2524 220.4885 227.9806 247.1304 260.6147 271.6221 282.4529 290.8345 298.8234 306.3565 313.2305 319.3929 325.0859 330.5298 336.0017 341.2672 346.2699 350.8016 354.8221 358.4634 361.5379 364.1281 366.11 367.5911 368.3002 369.0107 369.7225 370.4357 371.1503 371.8663 372.5837 
REFR_AC_HFC32 33189.9153 35971.9728 39077.074 47822.8509 49999.504 52555.4396 54826.478 56814.8557 58959.6183 60251.2731 61473.127 62617.211 63654.4752 64579.0202 65428.8233 66237.7258 67047.2798 67822.975 68556.9821 69219.3704 69805.0449 70333.9094 70779.2721 71153.6421 71439.5506 71652.9098 71754.9557 71857.147 71959.4838 72061.9663 72164.5948 72267.3695 72370.2905 
REFR_AC_HFC125 91247.5249 107312.7319 123318.0879 134684.6878 140814.8503 148013.1954 154409.1776 160009.0952 166049.4437 169687.1632 173128.3007 176350.4129 179271.686 181875.5051 184268.8267 186546.9589 188826.9259 191011.5357 193078.7382 194944.2389 196593.6885 198083.1429 199337.4289 200391.7763 201196.9876 201797.8764 202085.2709 202373.0747 202661.2884 202949.9126 203238.9478 203528.3946 203818.2536 
REFR_AC_HFC134a 256074.2312 265481.8746 259574.6331 264092.2238 276112.3596 290227.0076 302768.3676 313748.7895 325592.8164 332725.724 339473.17 345791.1471 351519.2333 356624.8499 361317.7192 365784.723 370255.3245 374538.9477 378592.3565 382250.2647 385484.5359 388405.0856 390864.5127 392931.8966 394510.7698 395689.0037 396252.5322 396816.8632 397381.9979 397947.9375 398514.6831 399082.2358 399650.5968 
REFR_AC_HFC143a 37216.8878 42079.8129 39506.6251 39962.4423 41781.3296 43917.1585 45814.9174 47476.4751 49268.7136 50348.0654 51369.0891 52325.1256 53191.8998 53964.4818 54674.6069 55350.554 56027.0455 56675.2435 57288.6054 57842.1202 58331.5302 58773.4679 59145.6285 59458.4651 59697.3802 59875.6706 59960.9437 60046.3383 60131.8545 60217.4925 60303.2525 60389.1346 60475.139 
REFR_AC_HFC152a 12642.7812 15757.6389 16670.6266 18217.8113 19046.9935 20020.6609 20885.7986 21643.2584 22460.2921 22952.3398 23417.7973 23853.6288 24248.768 24600.9675 24924.6946 25232.8409 25541.2353 25836.7315 26116.3468 26368.6794 26591.7884 26793.256 26962.9141 27105.528 27214.443 27295.7208 27334.5945 27373.5236 27412.5082 27451.5483 27490.644 27529.7954 27569.0025 
REFR_AC_HFC23 3.4514 8.4177 33.5732 9.4457 9.8756 10.3804 10.829 11.2217 11.6453 11.9004 12.1417 12.3677 12.5726 12.7552 12.923 13.0828 13.2427 13.3959 13.5409 13.6717 13.7874 13.8919 13.9799 14.0538 14.1103 14.1524 14.1726 14.1928 14.213 14.2332 14.2535 14.2738 14.2941 
FIRE_PROT_HFC125 0.0 0.0 0.0 233.4385 244.0634 256.5397 267.6254 277.3313 287.8006 294.1056 300.0699 305.6545 310.7177 315.2307 319.3789 323.3274 327.2791 331.0655 334.6484 337.8817 340.7406 343.3222 345.4962 347.3236 348.7192 349.7607 350.2588 350.7576 351.2571 351.7573 352.2583 352.76 353.2624 
AEROSOLS_HFC152a 0.0 0.0 2000.0 1905.7971 1992.5393 2094.3964 2184.9 2264.1392 2349.6105 2401.0845 2449.7768 2495.3699 2536.7061 2573.5503 2607.416 2639.6517 2671.9134 2702.8258 2732.0769 2758.4739 2781.8137 2802.8896 2820.6378 2835.5569 2846.9507 2855.4533 2859.52 2863.5924 2867.6706 2871.7547 2875.8446 2879.9403 2884.0418 
FLUOR_GLASS_HFC152a 0.0 0.0 17913.0435 18963.7681 19826.9024 20840.4382 21741.0003 22529.4755 23379.9639 23892.1592 24376.6756 24830.3529 25241.6717 25608.2926 25945.2752 26266.039 26587.0611 26894.6568 27185.7214 27448.3862 27680.6307 27890.3477 28066.9527 28215.4061 28328.7808 28413.3867 28453.8522 28494.3753 28534.9561 28575.5947 28616.2912 28657.0457 28697.8582 
SF6_USE 0.0 0.0 43.9331 71.0042 73.4169 75.6194 79.7455 83.1136 86.4277 88.9924 91.4369 93.742 95.8454 97.731 99.473 101.1388 102.8131 104.4243 105.9551 107.3418 108.572 109.6862 110.627 111.4196 112.026 112.4792 112.6962 112.9136 113.1314 113.3496 113.5683 113.7874 114.0069 
PROD_CLK_TRAD 0.0 0.0 1272.3621 1467.4611 1395.3148 1583.663 1638.441 1685.3076 1735.7092 1747.7965 1759.0634 1769.4702 1778.7878 1787.0004 1794.4755 1801.5277 1808.5268 1815.178 1821.4226 1827.0167 1831.9307 1836.3427 1840.0389 1843.1327 1845.4869 1847.2389 1848.0752 1848.9119 1849.7489 1850.5863 1851.4241 1852.2623 1853.1008 
PROD_CEM 0.0 0.0 1817.6601 2096.373 1993.3068 2262.3757 2340.63 2407.5822 2479.5845 2496.8521 2512.9477 2527.8145 2541.1253 2552.8577 2563.5363 2573.6109 2583.6096 2593.1113 2602.0322 2610.0238 2617.0438 2623.3466 2628.627 2633.0466 2636.4098 2638.9127 2640.1074 2641.3026 2642.4984 2643.6947 2644.8915 2646.0889 2647.2868 
;

param YearSplit default 0 :
2018 2019 2020 2021 2022 2023 2024 2025 2026 2027 2028 2029 2030 2031 2032 2033 2034 2035 2036 2037 2038 2039 2040 2041 2042 2043 2044 2045 2046 2047 2048 2049 2050 :=
All 1 1 1 1 1 1 1 1 1 1 1 1 1 1 1 1 1 1 1 1 1 1 1 1 1 1 1 1 1 1 1 1 1 
;

param AccumulatedAnnualDemand default 0 :=
;
param AnnualEmissionLimit default 999999999999 :=
;
param AnnualExogenousEmission default 0 :=
;
param CapacityOfOneTechnologyUnit default 0 :=
;
param CapitalCostStorage default 0 :=
;
param Conversionld default 0 :=
;
param Conversionlh default 0 :=
;
param Conversionls default 0 :=
;
param DaySplit default 0.00137 :=
;
param DaysInDayType default 7 :=
;
param DepreciationMethod default 1 :=
;
param DiscountRate default 0.05 :=
;
param EmissionsPenalty default 0 :=
;
param MinStorageCharge default 0 :=
;
param ModelPeriodEmissionLimit default 999999999999 :=
;
param ModelPeriodExogenousEmission default 0 :=
;
param OperationalLifeStorage default 1 :=
;
param REMinProductionTarget default 0 :=
;
param RETagFuel default 0 :=
;
param RETagTechnology default 0 :=
;
param ReserveMargin default 0 :=
;
param ReserveMarginTagFuel default 0 :=
;
param ReserveMarginTagTechnology default 0 :=
;
param ResidualStorageCapacity default 0 :=
;
param StorageLevelStart default 0 :=
;
param StorageMaxChargeRate default 0 :=
;
param StorageMaxDischargeRate default 0 :=
;
param TechnologyFromStorage default 0 :=
;
param TechnologyToStorage default 0 :=
;
param TotalAnnualMaxCapacityInvestment default 999999999999 :=
;
param TotalAnnualMinCapacity default 0 :=
;
param TotalTechnologyModelPeriodActivityLowerLimit default 0 :=
;
param TotalTechnologyModelPeriodActivityUpperLimit default 999999999999 :=
;
param TradeRoute default 0 :=
;
param ResidualCapacity default 0 :=
;
param TotalAnnualMinCapacityInvestment default 0 :=
;
param VariableCost default 0 :=
;
param FixedCost default 0 :=
;
param CapacityFactor default 1 :=
;
param AvailabilityFactor default 1 :=
;
param TotalAnnualMaxCapacity default 999999999999 :=
;
#
end;
